days,len_day,Period_T,R,length_macroperiod,length_microperiod_energy,J,n_scenario,startup_cost,startup_time,initial_stock,capacity_unit,holding_cost,energy_startup,energy_product,D_0,D_1,D_2,D_3,D_4,D_5,D_6,D_7,D_8,D_9,D_10,D_11,D_12,D_13,D_14,scenario0,scenario1,scenario2,scenario3,scenario4,scenario5,scenario6,scenario7,scenario8,scenario9,scenario10,scenario11,scenario12,scenario13,scenario14,scenario15,scenario16,scenario17,scenario18,scenario19,scenario20,scenario21,scenario22,scenario23,scenario24,scenario25,scenario26,scenario27,scenario28,scenario29,scenario30,scenario31,scenario32,scenario33,scenario34,scenario35,scenario36,scenario37,scenario38,scenario39,scenario40,scenario41,scenario42,scenario43,scenario44,scenario45,scenario46,scenario47,scenario48,scenario49,scenario50,scenario51,scenario52,scenario53,scenario54,scenario55,scenario56,scenario57,scenario58,scenario59,scenario60,scenario61,scenario62,scenario63,scenario64,scenario65,scenario66,scenario67,scenario68,scenario69,scenario70,scenario71,scenario72,scenario73,scenario74,scenario75,scenario76,scenario77,scenario78,scenario79,scenario80,scenario81,scenario82,scenario83,scenario84,scenario85,scenario86,scenario87,scenario88,scenario89,scenario90,scenario91,scenario92,scenario93,scenario94,scenario95,scenario96,scenario97,scenario98,scenario99,scenario100,scenario101,scenario102,scenario103,scenario104,scenario105,scenario106,scenario107,scenario108,scenario109,scenario110,scenario111,scenario112,scenario113,scenario114,scenario115,scenario116,scenario117,scenario118,scenario119,scenario120,scenario121,scenario122,scenario123,scenario124,scenario125,scenario126,scenario127,scenario128,scenario129,scenario130,scenario131,scenario132,scenario133,scenario134,scenario135,scenario136,scenario137,scenario138,scenario139,scenario140,scenario141,scenario142,scenario143,scenario144,scenario145,scenario146,scenario147,scenario148,scenario149,scenario150,scenario151,scenario152,scenario153,scenario154,scenario155,scenario156,scenario157,scenario158,scenario159,scenario160,scenario161,scenario162,scenario163,scenario164,scenario165,scenario166,scenario167,scenario168,scenario169,scenario170,scenario171,scenario172,scenario173,scenario174,scenario175,scenario176,scenario177,scenario178,scenario179,scenario180,scenario181,scenario182,scenario183,scenario184,scenario185,scenario186,scenario187,scenario188,scenario189,scenario190,scenario191,scenario192,scenario193,scenario194,scenario195,scenario196,scenario197,scenario198,scenario199,scenario200,scenario201,scenario202,scenario203,scenario204,scenario205,scenario206,scenario207,scenario208,scenario209,scenario210,scenario211,scenario212,scenario213,scenario214,scenario215,scenario216,scenario217,scenario218,scenario219,scenario220,scenario221,scenario222,scenario223,scenario224,scenario225,scenario226,scenario227,scenario228,scenario229,scenario230,scenario231,scenario232,scenario233,scenario234,scenario235,scenario236,scenario237,scenario238,scenario239,scenario240,scenario241,scenario242,scenario243,scenario244,scenario245,scenario246,scenario247,scenario248,scenario249,scenario250,scenario251,scenario252,scenario253,scenario254,scenario255,scenario256,scenario257,scenario258,scenario259,scenario260,scenario261,scenario262,scenario263,scenario264,scenario265,scenario266,scenario267,scenario268,scenario269,scenario270,scenario271,scenario272,scenario273,scenario274,scenario275,scenario276,scenario277,scenario278,scenario279,scenario280,scenario281,scenario282,scenario283,scenario284,scenario285,scenario286,scenario287,scenario288,scenario289,scenario290,scenario291,scenario292,scenario293,scenario294,scenario295,scenario296,scenario297,scenario298,scenario299,scenario300,scenario301,scenario302,scenario303,scenario304,scenario305,scenario306,scenario307,scenario308,scenario309,scenario310,scenario311,scenario312,scenario313,scenario314,scenario315,scenario316,scenario317,scenario318,scenario319,scenario320,scenario321,scenario322,scenario323,scenario324,scenario325,scenario326,scenario327,scenario328,scenario329,scenario330,scenario331,scenario332,scenario333,scenario334,scenario335,scenario336,scenario337,scenario338,scenario339,scenario340,scenario341,scenario342,scenario343,scenario344,scenario345,scenario346,scenario347,scenario348,scenario349,scenario350,scenario351,scenario352,scenario353,scenario354,scenario355,scenario356,scenario357,scenario358,scenario359,scenario360,scenario361,scenario362,scenario363,scenario364,scenario365,scenario366,scenario367,scenario368,scenario369,scenario370,scenario371,scenario372,scenario373,scenario374,scenario375,scenario376,scenario377,scenario378,scenario379,scenario380,scenario381,scenario382,scenario383,scenario384,scenario385,scenario386,scenario387,scenario388,scenario389,scenario390,scenario391,scenario392,scenario393,scenario394,scenario395,scenario396,scenario397,scenario398,scenario399,scenario400,scenario401,scenario402,scenario403,scenario404,scenario405,scenario406,scenario407,scenario408,scenario409,scenario410,scenario411,scenario412,scenario413,scenario414,scenario415,scenario416,scenario417,scenario418,scenario419,scenario420,scenario421,scenario422,scenario423,scenario424,scenario425,scenario426,scenario427,scenario428,scenario429,scenario430,scenario431,scenario432,scenario433,scenario434,scenario435,scenario436,scenario437,scenario438,scenario439,scenario440,scenario441,scenario442,scenario443,scenario444,scenario445,scenario446,scenario447,scenario448,scenario449,scenario450,scenario451,scenario452,scenario453,scenario454,scenario455,scenario456,scenario457,scenario458,scenario459,scenario460,scenario461,scenario462,scenario463,scenario464,scenario465,scenario466,scenario467,scenario468,scenario469,scenario470,scenario471,scenario472,scenario473,scenario474,scenario475,scenario476,scenario477,scenario478,scenario479,scenario480,scenario481,scenario482,scenario483,scenario484,scenario485,scenario486,scenario487,scenario488,scenario489,scenario490,scenario491,scenario492,scenario493,scenario494,scenario495,scenario496,scenario497,scenario498,scenario499,battery_cap,charge_lim,discharge_lim,charge_efficiency,discharge_efficiency,trans_efficiency,energy_purchase_price,energy_offer_price
4.0,16.0,8.0,64.0,480.0,60.0,15.0,500.0,200.0,60.0,937.0,0.05,0.05,10.0,0.13,452.0,441.0,444.0,448.0,447.0,450.0,447.0,446.0,439.0,453.0,444.0,452.0,444.0,445.0,447.0,0.5626593357144796,2.677926442340977,1.2210919353948329,0.7223677410264184,0.7267503092065457,0.2727425785983317,0.2034728359617219,1.2912078997212433,0.6390741115523341,0.6335542395203158,1.7865896175408171,2.377191546240238,0.0,0.4461399104476834,1.2325196467609945,0.3619174492011459,0.0,1.1241197883220315,1.971460698121664,0.5000640021265975,2.732031002077054,0.1927144946572551,1.588400584769856,2.155875769785624,0.0,1.439642750984407,0.8957198781655469,1.0706193141956923,1.3658623312885498,1.3098789812522431,2.133053904892355,0.4501268338294897,0.3542579999876377,1.5573087998603374,2.189568455278142,0.7917296857620784,0.0,0.0,0.29714993795333,1.0621029674469558,1.2858272776855943,0.0,1.699988985405126,0.6697521274937467,1.2994040368293889,0.6377296056638581,0.1317160799981482,2.260832336864105,2.756499703443289,1.4870123829013533,1.2781626668148651,0.2986624882522142,0.9145755336940844,1.1711335345908778,1.2573078147382684,0.9921015073564344,1.2707128929565332,1.972526823864656,1.7372047838080027,0.5729468962622146,2.2366971720921947,0.3218933337072009,0.0,1.752469802907744,0.6118684841034376,1.2048765067870144,0.0548080120710776,2.431954618399452,1.142668720606654,0.057068098896205,1.5365980039423857,1.0070917549701492,0.5897871371353441,1.9789618257510448,1.249549374510308,1.995540351784876,0.5824355228079009,1.5183381258788795,1.1572625438413824,0.5992611775669987,1.4138279298657266,1.3421036405560562,0.6608395001455991,0.6354059895200028,1.4216325322052994,0.5497446365422605,0.0,0.7138163367092781,2.8378275071790475,1.484984369993103,0.4128364267487159,1.175671718289541,0.5476736611509923,1.1381392587549972,0.3718615666714429,0.6410455863240547,2.0060502586714057,1.0851596837204431,1.471759298775406,0.9509502551863196,0.1726129148562087,1.6648848000677916,0.6528883723158871,1.0379631461067218,0.3628364454974222,0.147330729075518,0.6074457376135252,0.6892944776532526,1.5807341275771956,0.4049328299715101,0.0,0.659257125944788,0.8873582583806467,0.5817729734230556,0.0,2.6476505790584577,0.0,0.0604278106829481,0.1577172091638586,0.5031258547181203,0.6052165992464966,1.907208262944376,2.171046013104364,0.8076796651759619,0.3729184927951939,1.4491227529289603,0.8248432191333318,3.087930290835016,0.3035272545365449,0.4667618790557222,1.098832038975588,0.6942259111084266,0.9991360200884756,0.0,0.530390929931545,0.8465802304542474,0.8673525398001399,0.5783338649282412,0.8432998567768071,0.934379595987998,0.4976580683787862,1.6153753170419738,0.025057636101782,1.0429342734941098,0.8657690470550209,1.5746718302776057,1.124040528355914,0.2084551748896901,2.085547391645557,0.7355164078918063,0.2058291240205959,0.4937103176933672,0.0,2.044334243321688,0.5983739789358471,0.4819650234898396,1.5655375378262566,1.5447570596955154,0.6023747884407415,0.7530057493829241,1.1844878763865625,1.155547190292798,1.4807775621845067,0.7550642761441996,0.784119332351033,0.1332900177395094,1.4174024513069217,1.3818573821171327,0.0,0.0,1.1570367862579918,0.6975521039012785,0.824072159677727,1.0767986812692796,1.418835242397267,0.836733813041335,1.674472321819075,2.2847588224700237,0.0,0.0,1.5543520474547652,2.980872208829692,1.097486596388182,0.5013888701350732,1.3163187889707737,0.3241311056672131,1.2018745336701386,0.0442206478701144,1.2305194327904232,0.9552944125930438,2.472591868872982,1.4924960605956326,0.7866811799635434,2.705014867000468,0.0,0.6354683015183956,0.4998995749197619,0.3676575452716716,2.1043543204754784,0.0,0.0,1.5193088280130396,0.3606583484359408,0.0,0.9877721231885322,1.534315538043452,2.149224105899882,0.0,0.1012990098156305,0.3346523889345798,1.247505640952271,1.2274051795145486,1.415384241575945,1.4899805172391147,0.4204781286233158,0.0,2.562678000637049,2.553891915485322,0.7607176867873203,1.336203231976672,0.0,1.770780909869507,0.9071346843446154,1.0475859742895,1.7384401739850546,0.3124963021685434,1.6975550144368126,0.6894665410835044,1.0087324585836122,1.614052553766384,0.9564303183248186,0.2291651915632541,1.1364871452792296,1.730304665403722,0.8840606467392559,1.5867766057503547,0.8799508819343121,0.021637783818774,0.2502141795915958,1.3107515389514328,1.0203129453701312,1.1954633142555966,1.1601656033138306,0.0,1.224442072988218,2.0899709179718773,0.9143471405766398,0.0434908067090377,0.1226119791564072,0.6034474121568025,2.547777804756099,1.322817223344293,0.2102445717348582,0.4566663797258461,1.8566107467923905,1.0639342247669714,0.0,1.2118297877465336,1.064861912807722,0.2924964341943755,1.4248369401705288,1.0314188249480083,2.114672374926198,0.3969711983268272,1.410998019112955,0.9497142385289444,0.8180041625073334,0.0,0.0,1.056443017667195,1.3072517476805223,1.8906552593286012,1.181354517585628,0.9133595079647095,1.1559835389080926,1.3783511435906657,0.1618156040185561,0.1252659471618471,0.0,1.9107401746475965,2.2629801261523133,1.38753088343619,2.047117097574737,0.0,0.5216832969889618,1.7054820349587314,1.8589582530367736,0.4426384197920078,1.1267443209082066,2.5190827284472244,0.6123206710571605,0.6599988890431486,1.4050826408642378,0.4277449582140371,0.9369346330069622,0.3637000423820542,1.7098231895356668,1.505683995151141,0.6500340615844268,1.1884374164251308,1.2980760901606314,1.4329200295234958,0.8131629437369235,0.2754773362000517,0.1634031080794504,1.2167164806826325,0.0,0.9481470439927484,0.7145673074889184,2.1396762179686486,1.2924606579427362,2.271905511005854,0.2440930019801501,0.359110980493204,0.2188382277720072,1.4937765795291018,0.254354997924801,1.3066903821842013,2.686607405228271,1.1384178029830796,0.5779313207873678,0.1175789178577743,0.2390675136966779,1.3423828954390915,1.4947478600897166,0.9777119653632064,1.4841857271006935,0.0005570111440722,0.0639396865198709,1.267249837593721,2.822603880439849,1.1237462683086292,1.4252869464837312,0.9349946906967944,1.573475552835148,0.5476971057538029,1.136228737961689,1.5020906701664472,1.9956611186723108,0.0724613530893024,1.2517804396829555,0.619646442366718,0.8575954261295752,2.879964010439518,1.0234654993366945,0.3652426598999434,0.5645417537668675,0.2266830249005901,0.0064475461860172,1.4876555397425104,0.7413988244585739,1.918521722252478,0.0,1.2310220659295474,1.862774327396267,0.0,1.49170877571544,1.5152588748063167,2.450515071350229,0.4431692856544094,0.0,1.68259245612925,0.7696374540866564,0.5326331144584104,1.360777600861337,0.1814579355380903,1.9995261207202768,1.082673801450632,0.0,2.4036213985292187,0.1601564037148927,0.0,1.0228776708630756,0.6221987343103483,0.807268124282068,0.5220175023581822,2.0066031936032025,1.7559513522778598,1.1222126036549684,0.0,0.2323074174615795,1.10813544109331,1.2108118097839111,3.453724347556339,1.1634755055736037,1.4646513134835424,1.145025854952863,1.5222501848166388,1.777146752482043,1.6937364044007488,1.3440132283076027,2.033461486319991,0.119963136730879,1.131807556884644,0.9927621300288944,0.9589963400710098,0.5966635915246367,1.2109496058323936,1.5213536039072066,0.3294643214878068,0.6683899702432143,1.2307768986797305,0.4456982239412734,0.0,0.2666979935746058,1.3164132983649444,1.5942883414574611,0.7064754488959706,2.205118963122178,0.0,0.3939988828063945,0.8281369305302339,1.238701133348865,1.4609089292416906,0.0,1.576630796485988,1.2550886739458245,1.9740700433746108,0.5600199928299362,1.7360911380298467,0.6733394505022532,0.0,0.2822482553749036,1.4458931779290642,1.0821779104729512,0.0,0.4781965907840523,2.686638015935864,1.24719053748329,0.239634698324323,0.5472746555598746,0.9653842902317744,0.0,0.6489818061601602,1.8445751352624864,1.594105005479118,1.5674149147894796,1.4400383903794474,0.1727864458335687,0.0,1.2726998109221448,0.4914430053308795,1.740999899719772,1.630060015757123,0.0,0.0645602200449124,0.579997330971844,2.9995023883210834,0.1021165265345039,1.830389885851004,2.200912901980701,0.3363461448338399,1.4451467911642977,2.291104384512767,0.2055796195354962,0.5808536240775588,0.8911735991873759,0.296338562671723,0.059200524086431,1.62040809261285,0.5037569406413294,0.503183131108245,1.3740379564128076,0.974039238330712,1.3749700774440332,1.0436687188642964,2.0662331032710544,0.0,0.3307355015377943,0.347017539852118,1.1346633958153405,0.7135359488057007,1.8965442795020493,1.4746280902173956,1.7622847247838365,0.0,1.0124309538311038,0.0,1.2622989037395294,0.077287948838006,0.386894962422369,1.5815984363170843,1.4673303084175164,0.0812598604307426,1.552468738224662,2.17841674149332,2.1817778494318336,0.7762499985146087,1.3009306419840732,0.0,0.3781186470952689,0.3169728501642943,0.0,1.995613191151481,0.3232255113435467,2.044085824747077,1.2543060808292208,1.2880473709176512,0.360851277028077,1.3862046125935774,100.0,250.0,250.0,0.95,0.95,0.95,4.8,0.0
,,,,,,,,200.0,60.0,1943.0,0.05,0.05,10.0,0.13,449.0,463.0,440.0,449.0,449.0,448.0,443.0,446.0,445.0,448.0,446.0,444.0,450.0,445.0,446.0,2.811216292088568,9.688725356987383,4.810361172517652,3.038770041052711,3.3640169783187925,1.7192507251091578,1.8162364596430307,6.033759552948407,2.7374231089768166,2.073791490391141,6.595501793033463,8.191257674689203,0.0,2.4107146167163047,5.455405748438,1.7305922622093726,0.0,4.418247533425405,6.261315056349374,2.4090439425082666,9.897492763277434,1.1383581812972825,5.959024505290547,7.551331813992768,0.0,6.147334606601271,3.890233814172438,4.306837930525213,5.545682151243994,4.885192198958339,7.775518421021434,2.241476791196365,1.3656994584278186,5.655546675560613,7.3917724979568575,3.3453200644747807,0.6085842341375267,0.4408731583450951,2.7015105519248706,3.688539521203485,4.624450173683351,0.0,6.651489525786348,3.7082940195895744,4.652328887750827,2.906982949280682,1.6244844037037804,8.631106138552504,9.549382395095984,5.474342149970869,4.6086121740984485,1.2684211835547488,3.3460077573453475,4.893682463311433,5.33561997039028,3.854685029511878,5.101252937108749,7.400713072852964,6.0616489315105255,2.1552315950479155,8.163567742990434,2.3970011631236705,0.0,7.1061529896275255,2.686740806935774,4.453947765558782,0.6824552995863495,8.697645773812091,4.760083213434722,0.9157766736718932,5.712487600329437,4.631154297557572,2.2591036817119505,6.613727965844167,4.880929235662689,7.533333713021013,2.077890935869499,5.642037575447218,4.250783480228229,2.477387085726777,5.089875157519257,4.777994251399931,3.381218304537103,2.3230862261438467,5.8559725521843,2.7833188170807937,0.0969604513124831,3.190088139481581,9.777885885297271,5.181398786329351,1.688995320378338,4.824704178711102,2.3591185784430038,3.325048724056609,1.7212898234752765,2.914302553675085,7.245269458774695,4.878171623387003,5.136316745817225,4.43182150757206,1.3328257936332353,6.822756913583032,3.027696535404048,3.3261828548262447,2.0544432714619494,1.362530552897938,2.844652270338859,2.521632353277464,5.748860116999513,1.9582206186272104,0.6036390946010526,2.7290549280925704,4.128392200381985,3.0281832348774502,0.0,8.88774694136287,0.0,0.84988265487118,0.5910760606421812,2.809624649196713,3.4354199945407817,7.051248797738785,7.568859482745349,2.601813396471434,1.7881847391172947,4.714282801382531,3.1281667293443647,11.48399755850028,1.4584282471391616,3.1837323983815677,4.065214528165315,4.0754453767551215,3.878425435756653,0.0708666009063723,2.1843931526712925,3.83630529317482,3.5574896328363192,3.076273132148561,4.045011978856665,3.9508951040587927,2.4852045978597808,6.272217733067261,0.5143843402198218,4.076568001524938,3.7501621599290345,5.379338116588691,4.078670508562978,1.7417479772289948,7.4401890910014625,2.9091284109088718,0.3343448667163979,2.1194922252535235,0.0,7.737411999723728,2.857308917997756,3.0984456206393647,5.889963340884755,6.04186910128054,3.4411284704455287,3.797549437324877,4.587395484608368,4.303543965932446,5.421600516832973,3.151064032615374,3.775768872361403,0.7550144183922334,5.058036371532229,4.70680908118031,0.8702048728249121,0.3696371711687143,4.532541451909256,3.590228691407903,3.1175564560088667,4.404135547397252,5.522376925509221,3.985194390964206,6.240101335962239,8.105677863590056,0.0674857040105454,0.0,6.391123044105308,11.00482402258075,4.192367350206987,2.770275300822683,4.852774734155031,1.1963457446541588,4.400706124923114,0.9398336516998752,4.807327197053726,4.603950124861827,8.446747859520038,5.306566660736623,3.5506763663981573,9.761806756457412,0.0,2.931721781041514,1.9847502521786156,3.257548175356158,7.844616664029427,0.3069419291792727,0.0,5.154453199112028,2.3359957472806894,0.0,3.266494600753708,5.206275037068413,7.750147681977017,0.6300504615548288,0.7006455069382178,1.4976034274947732,4.865389036363659,4.609229654105783,5.500920278117746,6.334370602351424,1.9152284124306305,0.6089688923836007,8.071039800433823,9.168270709372187,3.2753137632791662,5.002288275281476,0.0,5.943269326218532,3.4694035407285995,3.8248863096916166,6.633261423580571,1.4409773700235164,6.719356766858107,3.4458007620233837,4.593108531798549,5.027560743000595,3.8086990043495454,2.1611309065190785,4.8088170768938765,6.824586413545179,3.542097359767709,5.48981788443534,4.700741653112227,0.6890503548078444,2.0965882107873903,5.026641221688006,3.488362595926681,4.693118700578307,4.700248044621547,0.0,4.83070563854195,7.687381376967068,3.783581779065636,0.9648624103712772,0.8888481915322202,2.6030830919552788,9.304756261745927,4.916364161481411,0.9469541892857164,2.329710260076123,7.313724266828867,3.4404860924229737,0.0,4.416846440385599,4.118259327338601,2.3334857233193858,5.127551973029815,4.292034914456782,7.604750708983607,2.6675478787877243,5.390374324217424,3.846833904613816,4.179535828482248,0.0884030048278403,0.0,4.694595369769509,4.741812893764168,7.161772893247898,4.350524491757384,3.544893810015835,4.950644940361508,4.828437939726316,1.5316906701605264,1.42896087641435,0.0,7.426429160795102,8.628600009811239,5.466158683301255,7.340343744848516,0.1761863233950844,2.233099874688019,6.628526991185179,6.647071727048392,2.1337470978534725,4.559973472336122,8.88317984966377,2.447264518936401,2.7781233970031405,5.164049622624754,1.4936682793936713,4.626682282309807,2.3934865799151117,6.675216867305705,6.1196142108698295,3.113796998456864,4.815999994768222,4.5194961741409205,5.242196485654632,3.353791079242017,1.5673438869397445,1.186626090317561,4.746302891120649,0.6932790978305534,4.21554445323472,2.816346711086997,7.209315950646014,4.48591071043122,7.565760176633365,1.434616637940222,2.3716657758756954,1.661477599392751,5.042423785810341,1.1357261932788745,4.1540807530809305,8.89189048612284,4.2407051343802005,2.422918592404026,1.125246905076335,1.2152478849239916,4.573442250188086,5.993927601437575,3.3242625701204718,5.470526844750843,0.6084548970889516,0.6825059003527878,4.577966533054035,10.487201907152617,4.734836898390856,5.569048556420411,4.621939867735979,6.838747800926459,2.3608688415071817,4.087205720343179,5.831941783440772,7.46374742880308,0.6637349830961852,5.18455802791858,3.1784907937599325,2.773722302370111,10.885512823251474,4.828661261460313,1.320837453538088,3.0009704176739573,1.592221458367026,1.3193655425396549,5.902921237567785,2.805924566298185,6.940419399613141,0.520000259415375,4.486422990675318,6.956060807701242,0.0,5.42629186260148,6.054950544335352,8.222851431567701,2.5334375092882517,0.8703987295459461,6.205579166178412,3.22306322797533,2.7236138805356545,4.066226298010725,1.168447652038623,7.898886590261965,4.812251005175856,0.0,8.761286430183937,1.407354974879961,0.0,3.983118662199845,2.5302345776125144,3.5765376871493717,2.9547285754615524,7.658000137936808,5.925250460982469,4.134973114436029,0.0,1.6618761436286111,4.129216509092491,4.863939574940402,12.703686935079766,4.688101174075533,5.437631115580055,3.923713588126136,5.46498739300395,6.36913455395792,6.494561817654916,5.738971609598094,7.55479339224089,0.8162585485878786,4.280040448966991,4.011909294070017,3.555156599467859,3.1885511982278243,4.456909207814146,5.328847490949264,1.9495314884700288,3.1769188696416624,4.162719672433418,2.946359621598178,0.0,1.854830537111108,5.202089324541008,6.454654719730938,3.1208712752805767,7.183952511929496,0.0,2.0454781987581754,2.8519915280890493,4.443506905646252,4.928034588769787,0.0,5.958725035277298,5.263160017173413,7.107794015484183,2.76408862368834,6.715897585504561,2.067890008455522,0.4874237997376829,1.949131530353303,5.543368863540909,4.539248686207144,0.0,2.236562971084435,9.158104808109156,4.3531688842502,1.1835353067645706,2.7933960762772463,3.98283551515298,1.4519406777788104,2.354781920055306,6.62997687312976,6.582685619236088,6.347775647747577,5.291960454592496,1.358649059005538,0.0,4.405599400140204,2.7126323190577435,5.997994741116519,6.698052130759617,1.0150053706052842,1.0272502422145435,2.355900486196965,10.640674024490636,1.135625894034601,7.091760528016026,8.50921835520717,1.6673727969082024,5.232459593458334,8.444297836335005,1.3171133623954834,2.865768577316322,3.77967600001646,1.688471056934033,0.9970207370720404,6.614089843798096,2.5895131538421152,2.187279588932671,5.199071002338022,4.182698790157878,5.9407573610396245,4.074894668491597,7.380912386631929,0.1377153671404647,1.5394057112436892,1.4211976535105832,4.809817397650566,3.401860766645776,5.839447293534136,5.259271293808007,7.035339540463225,0.0,4.007843136445438,0.0865495301513035,4.762561893027977,0.9688247002883634,1.9292758787276107,5.905339935488529,5.018566000821093,1.294523048026324,5.7993248776294575,7.998498309326673,8.025224409608287,3.3731321576898177,4.453993893385127,0.9866109656082154,1.2506694652410904,2.217345462658258,0.0,6.977467395850529,1.493284609529237,6.552408031360967,4.812766014545263,5.219592995976895,2.126068737323937,5.078216437612261,,,,,,,6.1,0.0
,,,,,,,,200.0,60.0,57.0,0.05,0.05,10.0,0.13,454.0,447.0,446.0,449.0,451.0,449.0,447.0,442.0,455.0,453.0,452.0,451.0,444.0,451.0,447.0,8.527186510106727,23.191581861584723,12.380083268144537,9.214168639532812,8.923576889784744,6.07567801969116,4.219191413485943,15.605212508720584,7.247822235153539,6.215532844486084,13.680478892281135,16.722056339278133,0.0,6.774928162685947,13.004369595761537,5.468363494650877,0.0,11.392666357753363,14.90264633677292,4.793165360657994,20.837026134540395,3.948701970034048,15.288602219370857,17.262404180474974,0.0469493326251746,15.038121104520611,10.62174681136584,10.129931299867197,13.92032084506315,11.701042123884845,18.728698121616997,7.400866109766113,3.493182789530833,14.273485444669852,16.15404412930074,7.705626068446721,3.9632144305380734,3.493193524906527,8.185867559292761,9.09037350568957,11.381032281896672,0.0,17.61400591883367,11.500363047433948,11.073499343281462,6.506660327676132,5.071768103538929,18.467843496580866,20.77088596549464,12.653705772128848,10.443025886465993,3.552860296010608,9.534132378879113,11.471233120598807,13.054202763019765,10.70411231584268,11.628858005393264,16.210026730977837,11.670800022209695,8.4458629624164,18.31632246314214,6.608891090769036,0.0,15.335681039829838,7.698107391981692,11.311339567404794,3.180186342821729,19.62503960140356,10.044505333856442,4.377503835353086,13.699201225738886,10.899159032925825,5.4265354662629415,17.107589373769216,10.93754385745939,18.51580244223681,5.983754507697241,13.440086201780677,11.326741018126617,6.871487712945816,13.469520950877405,9.669218564974829,9.43866396099068,3.795619135687613,14.351156091162746,7.1385388144457895,1.9679224687475492,9.948286499839888,21.44500262999638,14.427918454552922,5.097779613559947,11.930836976457492,6.638535137214632,6.748687341682533,6.330402689762914,8.476238723645151,16.149231343320256,11.47769499020672,12.523199691342825,10.857675657550091,5.1144701122171465,14.545428554110249,7.870313361487843,9.226185699129896,5.71554108604388,3.634382850793707,8.611110883899686,6.29908840671976,13.894373301856042,7.042517332727969,3.3001308942281926,6.637647278998062,10.203843887787144,8.058639340009888,0.0,19.235509020896664,0.6082696942006216,4.511318578671427,2.528010458609354,6.554369906178074,9.788637352783027,16.133057817578468,18.60887530069821,7.066229205481984,4.387003530939861,9.369370394587378,6.707336057708617,22.568019141123195,6.246942515957057,9.083577809271858,8.784103191193331,11.74155438109005,10.884278557085626,0.6751426805424054,6.378248607396212,9.99486183800068,9.006947412969216,6.462276988825434,10.294555027934626,9.37549972099815,7.873460868864688,14.325568472039336,2.2701441877846573,9.80698680718518,8.35945588325018,11.638314768979397,10.3250552934266,6.077580307818009,17.2765941390784,8.793919929479408,2.1766197887569327,5.000399823306328,2.034720464269968,17.829844169120456,7.005910622211369,8.996557351440016,15.680328960382084,13.237063381501414,8.91880816594335,9.429845209145016,11.306813944363324,10.911555497397906,11.833299925685193,7.5463464581014,10.625439998575285,2.035735425708345,12.1621005072865,12.00962945544363,3.945249680910127,4.323922640839466,11.79265898956433,9.982216940692982,6.463093579129958,10.752881503684751,12.440392173270416,9.932427822978635,14.693964618735633,19.421328114787038,1.384689770371288,0.0,16.023901724944764,23.56062587688205,11.057751602387915,7.282403586100342,12.451963892659384,4.427372626426003,9.874529188560787,2.980234657870405,10.003908922323085,11.808720218991876,19.190523794378493,13.740419095944503,10.359681613977658,20.71986083242475,2.1607355999727385,7.597411671157936,5.9517824265735575,11.062123906274008,17.602651447828745,3.227167581166065,1.863559832309468,11.530742844330693,6.585259685386619,0.2896073896594309,8.967978561428085,12.549489354951778,19.35175573301169,4.359113825436043,2.8068595486692747,4.440564101371675,11.79218648513778,10.749252883969982,11.81631076416508,12.833342957561753,5.630611109362031,4.929183697489281,18.16311820150598,19.651351001407168,8.87221023297768,11.752777887993666,1.4930547348975276,13.758113930529426,8.015458644651739,8.3169697159562,14.848281474132111,3.478133648338475,16.183906697797056,8.39605131560837,11.637394387139866,11.558809834795202,11.4185248926505,6.612191526710223,12.372842490795314,15.678359584409504,8.432129460849996,14.443927484805585,11.87419487013862,2.440013946087002,5.513433931735412,12.061475075500084,9.76369923554796,10.499667639171088,10.753637297952247,1.9372163138946497,11.317019880383114,18.01487747734677,10.789041335026596,5.90538110610289,2.741843394200203,6.785184597622848,21.055290337075043,11.326630981644596,2.2899595330630595,5.671971821377147,15.377853695213016,8.270232324561134,0.0232000279427091,11.644523679738931,12.640999493151105,6.3342641497853,10.441601032102914,11.218165772567325,17.337640331099156,5.159195150104093,12.985463356851556,8.332925990739641,10.637373673636205,2.364539223127874,0.0,12.939844958475854,9.555512023446507,16.845661192332056,10.581004657019104,8.229160032113274,10.92328426681446,10.393248904662157,5.51466119504613,7.184003304350747,0.0,15.4492603387012,18.06113028725944,12.518550656833298,15.402109827932758,0.2943115840354693,6.512980658822287,13.675232957946672,16.598530630773645,7.520408030562688,10.136903695242609,18.679291338932146,9.047377952755124,7.735584144032654,11.838575495935288,5.147193274742676,10.695635230520557,5.423339260416777,15.873456288561412,13.629341459712602,7.358096584739546,12.85245632746097,10.942990743943268,12.928779865127616,7.505982588198158,4.686271364434536,4.391355216998828,12.484926828752812,2.637958021263133,11.86275099332848,6.786815461554603,17.33868694252674,9.998509874462728,16.966116677186545,4.899324257192964,7.264603005841162,6.243660795118871,11.26815971797942,5.75924717311839,10.30625852214717,17.85381995218633,11.123164750762824,6.882351740633793,4.055731912789472,5.603079486691022,8.819145867311686,14.310806729536068,7.829825394581783,11.688152083802702,1.771473067547047,2.6454504209495724,11.009623813880998,23.337379550256607,10.608830066906414,13.451018632781455,10.729988664261828,15.959010381295844,7.271133382057659,7.806077721781719,13.059717328439676,16.437347901239715,2.7101829054772697,12.643976135527195,8.706263923629384,8.244664244581791,24.662442086356155,11.378492572064465,3.304262696837663,8.753023278695425,5.048043573069077,3.811710928749608,15.622903231133288,7.717726620053853,14.873858593591258,3.3668102028219584,10.472799694386715,15.92462397483934,1.8713639017687131,13.748171809070344,13.405116513212649,18.539218896983385,6.073393648866366,3.840261803774689,15.99875640295759,9.448482259401024,8.01036598240545,8.461938923406976,3.196655605506201,18.59483485660317,10.99708900926146,0.7476516191739502,19.27991361943032,3.5289613052453337,0.0,10.775491219247598,7.751093257359342,7.715019693178791,8.23048058568512,17.2669140820063,14.999688957957506,9.441910009554835,3.332413063317634,4.71633961623782,10.04792922229769,13.38831881570151,28.88852087412841,12.320411104990107,12.446156713849009,8.431427705570005,11.066936506497916,14.464187562272569,15.394722817546551,14.098163391449413,16.360347561659445,3.440495773562944,10.25785425053731,8.804247488410423,8.029136015880653,8.0619199562651,12.545607662227622,12.487941316681791,5.523802684124446,9.253012340016063,10.678449074043067,9.277215854277184,1.2883261717537398,3.954360214260576,11.484330517152952,15.182204517969495,8.379287112703395,15.157754318663429,0.9241214417835608,7.588315913548961,6.348139137595993,10.34028310507074,11.99711974088144,0.7396172464989403,12.872701308470257,12.133602024825802,15.996861228656524,7.852029629921025,14.87718758300316,4.07089466083839,2.158344297697025,5.031769610706678,13.29267862556434,11.640703422951162,0.105086023021913,6.53626537485279,19.48972261363337,11.5772233212482,4.885316788183588,7.273332105930434,10.563056346397836,4.440854752186544,6.277716423472624,16.534890387524097,14.108625625227775,17.607193648789902,13.870578150256115,3.4590093489833973,0.0,12.076925980999256,8.84764541027873,13.245127566174531,14.692428173218312,4.577542665774931,4.16859362082267,6.33620457551509,24.31275407240202,3.3750761958890827,16.32863357515234,17.982403535811674,5.121519758807768,11.341973295175798,20.844171543774628,4.336506940994459,7.770555388982883,9.156767012845084,4.509450135928335,5.104595302260584,14.662737066500211,7.234806644105278,5.54228694905561,11.843561249767538,10.466864020698669,12.880545399501822,10.70722330399034,17.731022521606732,3.09650434531762,3.2833473393906742,7.21296246412998,12.528526056803935,9.040511465801274,10.871647327485858,11.31625986596661,15.22417384901561,0.2255480750694083,8.02863014219755,0.9105737568846028,12.169499354178836,3.475033106817178,7.373902740991166,14.899693794787744,11.9270247557258,4.488105974660356,14.90536326961195,17.364152781367153,18.31080636192769,7.499689732265143,10.934946670918812,3.683409643062637,4.240637001148415,7.225054782373411,2.028925229836316,16.655032361516962,4.324741111580686,14.699673106531344,12.273648826015304,12.370391311108207,6.19739696292354,11.459133285561167,,,,,,,6.3,0.0
,,,,,,,,200.0,60.0,2149.0,0.05,0.05,10.0,0.13,449.0,450.0,452.0,441.0,440.0,447.0,450.0,442.0,453.0,451.0,447.0,441.0,452.0,448.0,457.0,18.85684237501566,38.14990645305183,20.509974157113398,18.44267230070616,17.91840179759457,11.6631450390848,10.109944293328098,26.600345728097302,11.562700188088971,11.62242384246329,23.45096348213828,24.672607741553684,0.3683119169695978,14.524830821617051,21.3445714337108,12.277724366518058,0.0,17.223762113837054,26.648678407660388,10.120204836998422,35.4404125772818,7.681389550570882,25.338602540235232,30.990456533476397,2.8915323526408665,25.2912134003456,16.301976344455095,17.127400068510685,26.882759145848866,20.309138861225588,31.922723442567627,16.88475803430941,11.282018936300322,21.8184221259959,28.730022555837603,11.44588597443893,8.56189213091941,8.224899614602904,18.131871674436148,17.094457986181283,19.986959350180747,0.0,27.51188403464926,20.82882670376636,16.465482496697703,12.796991582186092,11.601162039783864,29.66119739087518,36.191983144736376,21.835620133765996,18.863506834300555,8.164716280837663,15.97970697027454,17.705811472395272,21.312336707315037,16.480681404030957,21.566736930970915,24.673210063594063,18.627997986733096,19.620778045503226,31.4570285518848,15.238314375873871,0.0,25.34887030364345,15.405891913483094,18.655930770426234,7.098566208568187,33.56871487177307,17.581120176143205,10.786436121683224,22.804027729400094,19.09988974375851,9.87538632128676,26.67214356326033,20.622151633097587,28.532459509219176,11.139270548578214,22.893753398394388,19.73608647911647,15.611796598900732,22.61607820323529,19.039986065216656,16.89338305368865,6.697322605568831,23.631195781027827,15.574848695447066,7.969042390147615,19.27323628712137,34.69886564825439,24.245244546498924,9.718873689182182,24.026388411530466,11.460917840428976,11.829364075213936,12.388338346116797,13.29322944556735,26.123750675058297,19.769864564206067,21.64634427049963,20.582601608597194,12.276011887049869,23.55261186089503,14.60948683567489,16.244093752438694,14.858127881404949,9.11290419020794,14.706607314373414,14.113401661289608,21.756612791336405,12.009141675975124,5.088857026206979,13.244168891813048,14.529489372615243,14.348584350086284,2.953127856035504,27.32737666841716,4.854027411922033,11.128484986068694,9.811795807416797,12.96213688838046,18.964641506191413,27.71290804853788,29.138865792867023,14.221186193824463,8.395279846980905,16.87549295699605,14.03870025119558,32.922458022549854,13.04399634400895,14.558242663767754,17.113029391347023,18.78042204043872,19.031108380246582,3.1348615447519057,12.108153115282214,17.493084606766505,16.029406677986465,14.338820222786651,18.924058197023232,16.037353419910712,16.20770148658503,23.88752417053499,8.420810485991769,17.06079059236514,14.29828873243928,20.441568325956847,18.800989488663674,14.331111079546393,30.888877411411528,15.775419569272165,4.591895662482529,11.871086798430245,5.890346912703473,27.639129371378598,14.287123504465232,17.271582138545195,28.79672115388154,23.60120627695803,16.8776645255841,19.96362987521505,19.834740058388096,19.870633797837545,19.418857873389054,13.059304345981484,19.83377343418092,4.763065134436954,21.997716978444213,20.314832112091803,8.29577277596455,11.609783101181328,20.918844366652134,19.38243678104118,12.983985048967828,17.375381954281252,23.067059904319382,16.163407265162334,28.263751526804143,31.72506157114132,7.293212491820128,2.70103699206687,28.37034304597411,39.72980642365948,18.47044025253434,11.456687682181345,18.79147649154837,9.64693552780672,17.075413218886077,3.193839536329898,16.489868686589514,21.509234919759766,31.66417174794336,19.724830856578883,15.694162730009523,31.18163709353977,9.5313961711874,14.043162511371374,10.433965504742474,20.19571430578862,32.39659141199063,11.467061515444428,6.405706764859461,20.360875664215268,15.109164154962816,0.7277627988262443,16.780532760624443,23.42629055052129,34.68421542942264,6.794883400092068,8.382926779655813,8.843229511909918,21.12461455770045,21.032597603921765,20.503961201546613,21.06596864112579,12.292285393741633,10.130095703060448,29.7284958662579,33.991287800647804,15.43364998054696,20.03559674211189,0.0,22.47352464471347,14.881774915279475,14.97805638888988,25.41383896887328,7.181271633061326,30.103988141240023,15.868622858101492,18.564505082136392,17.696899662450843,19.577485172846465,14.895804036687972,19.96318330598995,25.143681484468928,16.105793561410586,25.307006685441426,23.248378281138432,4.823235057276919,9.050423531553289,20.162538333862912,18.39571489100546,18.43433441936276,16.403417244841197,6.142884343028086,23.05627123663459,32.66324364797318,18.44499982622921,10.79103988189986,6.871237001089257,11.205813243829926,33.0492952991361,19.02223457375183,6.944886348348325,12.437140204524267,26.633259147073066,16.183731544885227,3.7128609804024446,21.75742304336078,20.344376451853684,14.874013924460415,20.43004540060649,16.095087669854284,25.827588078336653,11.245117510299067,22.15736669608373,15.16391167955208,18.304385156891072,11.088574815036432,2.809470978386733,21.951801655709545,14.372128753233811,27.576886137915224,19.15752922945192,16.061609246753,19.26573054216592,17.361418165952617,6.870680878878583,13.557720828823934,0.0,21.80349231413691,29.31079993922345,20.973666243099167,24.804626746221786,1.9146540258128604,13.5267577962049,23.34881114905081,24.44637450845284,14.34393776354494,16.412493128376976,32.95259711596655,17.845724023569637,15.58366671252631,19.98486971541547,11.007370148844736,21.356052581603123,11.99592551802027,30.008136656409725,22.37215264914052,12.336651384426892,22.793383769977893,16.35314805642359,21.636462323402988,10.258683327140645,12.02095699116146,8.525527048649899,21.170145261211843,6.633652270779585,20.83520409885137,14.507880411273,31.575134906041445,15.79087524954463,25.284294054633893,12.006473746099395,15.40126014273644,14.379540211200185,19.30037571930161,14.744230557282602,21.20714186025444,31.74868489469577,22.849036053074308,15.039732675668125,10.005693334262912,13.668554517544989,19.28487368682319,25.543466707893717,14.970785606291129,18.037568899931205,1.917829161843452,5.790020612822422,20.21691559861991,37.63533465201909,17.968882758583124,23.66171140635356,16.000517288581324,26.11598940658628,20.366394050227623,12.129358045435849,22.443950284766856,26.361285710860564,9.683931014810447,20.56432186733736,21.071549931633303,17.03383866049856,38.76714876994715,18.87697827280073,6.503622027055196,15.93500025367247,9.824715508096256,9.420359472440778,25.113047864209367,17.573449315996157,23.17539975925536,8.642751762107851,17.49611936527405,27.244058044886472,6.990435392035998,22.01414204768318,23.171766827632787,31.1303642678488,11.565615754197289,11.770289981159712,28.36229475757963,18.24468614205874,17.16692504849692,15.374252626713876,9.174674351800514,28.60683043195121,19.981939518888357,4.508468613736927,33.65229752616545,8.060485303212197,1.0577702740342585,23.50041251947508,17.0192331841808,14.81766337097947,14.303981445420618,25.536683041072145,24.280631878513542,17.27493081779676,12.564994714965636,11.42772252170663,20.349151198649977,23.36963073856889,46.18866476936405,18.676018481234543,22.412844441131377,14.765711531950604,18.56046237323232,20.685591571493767,26.00111362456827,23.468361878887755,26.45524682380393,10.101474492837058,15.725984624606514,15.751000405300491,16.38286444374474,16.398547672698406,22.60882567257988,22.443741332816572,12.069449424117646,14.481517824608837,19.15542655504983,18.0468661214059,4.589166909102806,11.237386164919627,18.68897646099284,27.30750470191484,16.082306089601904,27.0225776538315,6.639798608443019,15.795049709848984,10.428393365111734,18.91370608446347,21.75055140839304,2.481444551543869,21.61769735372214,23.716352959950097,24.23365688071436,10.82841091780129,26.72846025177016,7.809355860363995,5.675180161411426,10.821537725271734,22.68796141543394,21.2349107487243,4.872526954235228,13.659059522024387,32.581793373353015,22.178401606914083,9.865187988621546,15.297608806977696,22.18161743093213,10.872189702482888,13.973552072792584,28.929467110657637,22.494299325410143,32.28176683530948,23.91511390262684,8.76280974288234,4.517289986425574,24.09035089571609,18.3431374820567,25.31742207119349,23.06387547412659,9.707186756512796,7.736178227784022,12.91412096793439,38.46515536075549,7.726232777772756,28.780448453399146,29.56782312088715,11.741643708318716,20.05898503732168,31.58709909599172,12.009236682771956,13.368003984905313,15.352101244235774,12.03598496764906,7.301689643625663,25.163265638809182,14.490162159681557,10.204470707848696,21.00454944832597,19.549751825824345,23.895956378048577,21.2361862606758,28.57983579116272,10.201529084230971,6.838302113257981,16.670617896547682,21.64961339459817,14.669006765649373,16.240470138279452,17.183169125856033,26.91788530304947,2.4575165203898504,16.83769058893619,4.527136802474516,21.526174836749377,6.508592867942511,14.986672156209892,22.13303057900759,22.69470911721181,10.719375988384206,26.540417689750328,31.254042432269195,28.80784909117448,13.417967893716789,18.464342102723,11.565110170517352,8.169264573140248,13.24269242325615,6.558803531741214,26.844188327965696,10.56220235547172,26.563959541020424,18.664241124949044,21.17580430832801,9.901549008427493,18.148266990736172,,,,,,,6.0,0.0
,,,,,,,,200.0,60.0,393.0,0.05,0.05,10.0,0.13,449.0,452.0,439.0,448.0,436.0,453.0,452.0,446.0,448.0,447.0,447.0,442.0,449.0,446.0,456.0,25.280000488802912,52.12605168747172,28.75785107270703,26.046568756877665,28.850114361495805,17.657481387581786,16.821734512638443,38.80932374459141,17.060814190459805,17.811854471385892,35.36752305611236,31.952815487536625,1.412329342970392,14.530002813650045,29.113809604500933,18.47970263157376,1.0158723990231822,17.90205063211979,36.62459003637307,17.82232445130589,44.1385639660251,14.62406801685503,33.608161807609136,37.69302347675216,9.896147703460754,31.950208751900348,20.90825799061426,25.797812861629076,35.38114736749738,27.34001060507098,39.46674723470072,21.184219926242427,17.511970782763044,30.578749669897604,31.583078756084227,18.784273083959874,10.817839327297452,15.634847074754052,26.85823326294404,25.958710022993635,29.905177613033736,0.0,36.6706468222328,26.415731553649845,19.96263683812709,16.68653113857267,15.863628696425202,35.73994504472412,50.49598684550245,33.20996642371636,30.554361168371003,15.072254388329403,18.20314470517983,22.22641149526638,31.692721957128583,20.12356603529968,31.8757276358528,34.03445287912085,27.70202704216262,26.079506015111956,37.511671122387234,24.46576413484073,1.704116994069618,30.27491893465049,23.897428820708168,23.538793673615142,11.987808764090058,44.22909823839832,22.84417162701688,15.357134191082311,33.48848439797142,28.700045577851903,12.91704038024071,31.29058522550368,22.93997898428564,36.36555803035117,15.555642671061335,29.848104479850225,23.47184826001058,22.701987684317317,29.82593787293561,26.562035006153785,21.44891159394521,9.20733972076357,33.736782466932084,23.164218456051834,11.7872179831971,24.21790556834159,45.16302423012747,30.079088157367824,16.893436268493446,33.31452221496578,17.887757498073864,19.348592711808237,19.40008319387937,19.53512192924753,35.0802351899648,28.347815955155674,26.759934877041086,33.33504005756647,15.993026160928077,26.921847553347398,21.34496471070728,18.665742687510708,21.64984007137207,15.180893093886084,20.14109678603424,19.53930949331745,28.176712608782523,18.889465644923924,12.853133178995208,21.988446870363628,17.850986904616782,18.82824209658846,5.561831507708731,36.55681556315632,8.782131232948817,15.57373936524082,13.57685334418024,16.270279123004766,31.83855386664969,36.80374986694086,35.546681536314736,21.925801841589823,14.720653447914728,24.304060757098693,21.415793909635045,40.827526024842086,16.283727444937483,18.792481457509187,26.1490035163047,28.556651374142472,25.992077357576488,10.393988005100452,19.309905233806614,25.418061914355565,21.63439205007483,17.580762472738176,23.25279470054197,23.77624361905364,19.74472580049732,30.87159158138561,17.031533276877337,21.55869207186057,19.413875546677996,28.237773696803544,23.780147075485548,17.652968826711042,36.66696064931378,18.65076957666766,10.760925180019743,16.008977821355362,13.44490925827699,35.17449552462036,20.03173978885289,26.10043164402648,42.49356216123308,34.76127035036492,27.55045248200873,29.452688956329204,25.954879503185875,29.784515121528788,25.6340337316393,22.488895409716942,26.109063172620477,10.811813652022236,29.172072189674523,27.052139355795347,15.503411274097022,21.90592210005636,33.00128253267953,24.657096767315405,18.261768918153344,25.12894138892881,24.73370085778019,20.027151274061367,32.57300018929693,36.53172880105515,15.36707604785402,7.445239586092803,33.6684295025774,52.895037723211246,26.19930084956521,15.555419491144583,23.11444953447696,19.87298354101685,26.136943344985177,7.019568097469048,19.0972948325384,30.013317959836307,39.58008110409359,26.13498239960536,17.274776792766705,42.17577974470868,18.635902139194823,19.56332725513571,11.148943148751991,22.990054716953072,43.93411555822195,18.15493678796116,10.390964521473588,26.23816884879962,23.02829099224829,6.572982814633161,26.139492745260505,31.50138170962542,50.15167734577381,11.218098497557888,10.738644877184106,12.82678519426153,30.14201186861094,28.55631378236707,28.83388037712589,29.63064645367223,19.95936355578894,12.855420667188069,39.80725390914607,42.024803030158594,23.45550902692296,29.142779211410968,4.354937701569672,29.986899784388893,19.32815060043376,26.34684513147529,30.336405060266685,12.7230875452837,36.38876148838561,15.556924246897882,28.07820642857885,21.72669459722081,26.24223764660025,20.0898164196822,22.1938925810972,33.653591728355714,20.74678165296972,31.921523426806985,35.56587702553019,10.861974780788286,12.246794951443274,25.79175217457086,27.535156692617484,26.21503768590025,25.43655017369584,10.148983943501838,33.461838045509204,43.331477039055294,27.975604536215965,15.64920053809582,12.800671299081577,17.157914635530144,41.85416497307804,24.32735520712448,14.950297700905251,21.2307578637837,37.77708218761581,25.6790133779355,10.045477668631078,25.30409669554042,25.39761447755683,16.941431366542858,24.71435699282496,22.928552033910325,31.989890585884112,19.5108150589933,30.2827786796074,20.654457296862063,24.822836168003104,22.63242673544808,13.113660413037678,28.771026282027574,24.266945239683903,37.06994804338147,22.614988527850205,23.28076362629665,24.18359484733384,20.98816910816297,15.482737802495167,18.14791587370194,3.9683496027452527,26.31775229713846,37.32257240476686,28.20738111591276,34.10556948128458,8.452666168151996,20.31066049773812,29.50288526912257,31.18923705063753,23.225084134022246,24.93460870478139,40.96224263339611,25.773784311461224,22.01636712921682,28.7686900374772,15.929519018866634,26.260987973931957,17.38710830266748,40.58135551936103,32.69101354254536,12.929936486846538,28.32606086311763,19.79776649009914,32.72392191174905,14.49171815617302,18.117424692764597,15.442201127324749,25.6526383770017,8.658697279161295,26.69938078954885,23.6167184432297,42.309929643986,21.016249850081625,32.30104621019598,23.12414559853984,21.49881079551125,18.488368071423363,26.261071333650914,18.814384198576708,31.75622224422053,42.78410528890512,30.832535713767506,23.870984182637237,17.189324721891193,17.1136007958265,28.08862903617621,28.97977325002413,18.65264928054877,23.79253624056977,3.7722102170664185,7.956943238537289,26.699086389058195,41.922670912967696,26.065319240875173,33.25739475081352,24.8422140920363,38.24787163335933,31.392131295009296,20.293389330391783,28.6029366268896,33.90490568608876,15.961988295236443,25.016344787577506,33.48767225778458,21.904972744955263,48.4381023995937,24.46712626789779,10.127488448181476,24.71387413411887,11.290119680262494,13.537199378171206,32.33086094347634,29.356219364190235,29.91194868051594,16.181854993205963,22.431327643967013,33.30747002214886,12.27806748278426,30.099720938446712,30.21252480822669,39.90334816986073,20.55418717411679,22.58970174912069,35.28941455837627,24.215103245646784,20.68272565164943,22.787502568781203,17.25793328419812,36.34749056453083,27.78624524874332,4.455732046349273,44.81391570292344,15.106504683075672,7.614792788138322,33.64366533397456,29.49330269617418,21.552708627208222,20.334369870075488,29.5301508805434,33.436598450704054,21.49606992712352,22.253465485529727,21.43173055653472,30.789852301057696,29.40178373046216,56.45098795154591,22.010876151197177,29.937044981521776,22.540979232782284,26.000913904555063,27.75770792781597,38.64609655498209,30.91084814271297,36.64564884254075,16.102779772723945,26.034020924829456,23.782942783914027,27.6231340688904,21.79884110679821,31.81976697975733,27.09246083619253,21.20427472780205,22.235011334243364,25.71836124215168,26.655734988629405,11.75843206748415,16.80432381194588,29.051389644463665,35.484327187163686,19.675462898559772,31.54724691112036,13.93344406117944,22.38686101223919,17.404733268379545,28.52828187226588,26.34794079492384,6.510077757042018,34.42226553485349,30.543797425139875,28.899276701891928,13.917091320217324,38.22219965177022,13.0451049497045,12.416381139654431,20.263538790612124,29.2675452361664,28.09899432071255,11.481120971531544,23.727434162749265,41.390202321474106,36.224917939007575,16.025831621083213,22.652625863685497,34.574206717507536,15.748925334393208,21.79918494241245,41.02569146908933,33.93106392741851,40.5047881008734,26.92506253900828,10.656400418576444,9.143888783808524,31.610700840831147,29.04133274746352,32.737090186376705,29.91729361805629,18.294300208164465,12.981973777072003,24.837223552539417,51.26476304601941,15.03223954581518,37.92721554368101,40.98747384843687,16.0471606081769,24.808448908609844,43.05972724808347,16.8290149750165,16.40934958521269,24.604437649563025,16.726073260304197,10.808388742603016,37.053749049800125,24.37336154889923,17.533530953990834,30.74323525201797,23.976658292250335,30.237333991466848,26.120044529835194,38.57019407453532,20.680338032337172,14.453772919598672,21.633270321530595,31.298248077260837,19.118713560162487,25.195310961750582,21.51925123225756,34.5094905174188,8.761887573720095,24.37909029269755,9.003742571935014,26.21337477678486,9.70466884806351,22.983418414450767,32.15491184745913,33.283286048874544,18.451572922582315,35.681008875225416,42.37064709345567,34.83080055407251,19.5132025640154,25.347153298689054,15.95365354697586,16.5317211764375,19.0284834717506,11.1537232488118,34.90003160251941,18.83408058498585,36.26803925203442,21.05576272080209,29.98403770218596,23.04444767342423,23.810505396826308,,,,,,,5.6,0.0
,,,,,,,,200.0,60.0,476.0,0.05,0.05,10.0,0.13,445.0,451.0,444.0,443.0,451.0,437.0,451.0,440.0,445.0,447.0,443.0,452.0,444.0,443.0,451.0,26.87826716478375,53.24458906079605,32.69223569971678,31.16485071241106,32.47180912004806,19.240951881995933,16.96445578769736,40.61060961826321,19.83473145687273,19.742795385336457,36.09438326757159,29.768542263757148,7.219201068920518,16.632364238204715,34.04138599206559,23.56206246742841,3.083250054254844,17.01118971614038,39.37441396298043,19.988193224228183,42.386580631278086,14.608069219918931,36.5908848490477,35.99587958747702,15.723864028223794,34.78131545020794,22.49794870058563,29.57486874001708,37.83374792670077,27.832876372441845,42.53644895065744,22.02261106514227,21.35961561650889,33.9394449369948,30.18732672623433,24.60775910584575,10.96016801325744,14.636162680657366,28.43082546081211,30.170169094543247,30.395468222261808,2.311970826414405,44.91095514075081,24.660358363333103,25.854138429294068,20.004553224881523,16.07747837885287,38.23714643507533,46.393100005782415,31.35318809258233,32.706688182352714,17.568967989756988,17.61470557163186,26.44879082575887,33.82229340290193,17.715248389076997,34.81915589323123,39.62447482413559,27.605695644372656,24.99303902948424,36.74924158441643,32.51272686816755,6.347241971030987,28.164621040752277,26.014465076553236,27.71256394350061,11.574389101331937,43.14959611314322,26.42341376798679,18.872549321803845,36.258345401783465,39.10299361897256,16.488299888771497,28.71901507559685,28.30585984221988,38.10337438157904,16.23802344221447,29.40186099688417,26.146090331440508,21.488145013561063,35.74444264137456,27.780271590207743,23.816115925382796,16.81442260390679,30.948812138562136,26.52780099404067,11.960341820914412,24.3561868212623,46.33942821450917,28.42179661180529,19.91532197401182,36.09445777126557,22.892771225782905,20.61806053864769,26.61711761513213,23.193069617942896,33.50294057459566,28.6300921200228,29.822184418946005,33.1632754621389,20.68909802594013,30.19506333043139,22.019041902382863,16.72955899110857,28.688128299769144,19.926101998779338,25.606465881356183,20.700710940060443,30.79298654558668,19.697160082841982,14.566256950207698,19.50374193391036,21.28551969811174,22.827012880372894,6.825742003340752,39.53758531697985,17.210434146648044,16.515562108337395,19.226627637100933,20.079057112273667,30.103736049641228,34.84281732041172,36.58012871375704,26.330351496229405,18.7027771884933,27.340622281856053,23.86301145351094,40.37967325869711,21.379152271530785,18.43157430615086,26.70553210360879,26.8051873047942,29.498335134781467,15.590519032864066,21.50011157329346,27.214038146506415,22.749738643324086,20.08530474374195,29.12044625204499,24.64629085866377,21.252739322757957,32.72239062581128,23.958736010495063,22.851591586090148,22.948753074472585,29.58759902860723,28.193693629675675,19.89525323040973,38.82824342579172,21.63699390360692,14.742870987192235,14.878749881449531,15.023332063670066,36.22230293292239,22.70235157251997,26.322980415475133,45.35219351089355,35.04162988598034,34.548781167596495,30.815339554941108,23.38359877785115,32.98850335036212,30.632584211048,27.20172989142309,32.21342724042646,15.197052875421509,27.73679927165344,27.3420032017864,15.075517369179035,25.796824624064737,32.71804921977832,22.200259925762268,19.605573562162046,26.42434513046247,25.867624048348823,24.33275943757172,34.062561032083465,35.50063627601072,18.41088384015779,17.31222483375692,34.64125497965828,53.09158200883877,29.269245878028272,16.92690716079149,25.57197099724708,21.477370210554373,29.88837547483028,15.299772252103734,23.961887025940527,37.097421796817,39.80627508861642,27.447870064355307,17.14428118851249,43.5598265460167,19.88902237337157,24.90433931034504,14.057075969121064,27.696727016902944,38.331643050298624,14.548750443704762,12.575775555404048,25.74388873111088,22.203101286750787,8.393166771916007,28.27275114954885,29.372637568925857,52.9781907482426,15.656950573290084,13.67474423083736,18.127500704942342,31.898558843918472,28.69465306295852,30.008668566683205,30.26009289186604,24.616336142223204,17.916089504738224,40.44660929565343,44.9241802893739,27.435289667289485,30.085580905099995,10.731635754263706,35.07782610569399,23.785329718372687,32.06836067105444,33.08865809193436,20.935545526437732,33.38625547457926,20.602048760883992,24.669441971880328,32.372001339844466,30.99374487975495,21.07340141174042,22.387328045015405,30.36402532957785,25.546524960566188,34.785271955513885,38.52304979499738,18.452156286199912,17.971748203508294,24.836975430881367,30.93740409123693,31.11238883403549,26.231056113195574,12.830510875997645,39.19079213531773,39.60142527498848,32.30907072344342,19.417056336558115,15.363778459079564,24.07103926100543,41.18842103705306,26.316264942234408,17.94353076458126,21.719339455358305,39.81873901150684,28.63998889642052,11.61036884894586,22.17814447807633,27.857786556707865,18.41352232989484,22.23620890655136,25.659195303251572,34.13336959785841,19.62485595705378,29.30289054162494,21.58279098875092,32.879478164686766,26.93535666592564,17.83870980966802,29.017065464102053,29.062307011531832,41.10008079959572,23.236903489141064,22.44510242939129,29.414331258750167,22.233717670767124,20.36258771328728,27.507055484147003,8.379150221346528,26.50239882434448,35.720256834386,29.985513764564026,40.69915860003298,6.883934912510313,22.57887461101271,32.356871527283595,34.791210148825705,22.97799943375073,27.47803388973761,39.022262977201706,24.75180510722864,25.248016643760916,32.51338541264512,16.85738196625971,26.543853394875544,20.664225917815653,44.68613705093794,37.97320474260474,18.576268335155024,31.43858741778612,22.245963942114884,36.06371408707541,18.110170332732952,24.46707712376944,16.41847814243198,29.71320310956904,9.912679369333611,20.376552466789278,23.036240390446544,42.714622989653776,23.316947280710483,38.38171176904479,27.896294338818564,23.50692581418224,18.80979600675328,28.523786372049692,27.68940930743432,29.98578636278638,46.07685764651004,31.219943302810965,31.6149821813479,23.029030692009005,22.24201208455464,28.02344089495846,31.101806792029084,23.548065272175567,28.630172904643107,6.393804542195311,13.27189861506171,28.950491301284607,42.06094555056514,28.140758316588755,33.464704798587654,25.63539148404785,43.7569371915981,31.908067300803765,21.216090704646668,31.68737345845192,32.582338908255345,18.047511697544184,25.320401769088964,35.68144876611345,22.093763763270196,46.663320339311824,25.808598297773067,16.083726828982716,28.84585373492133,13.322112339932517,14.47938115880355,33.83038380239178,35.61107133925407,33.41781654028278,19.120251798616536,32.58959849035179,33.27919327635588,17.595880925521996,33.78666935128823,29.71872005492292,43.17902344252298,22.1971436459812,26.944075367242053,39.01186918946575,27.9796046682835,21.898638339001245,22.29695819630327,19.293643559694857,35.36841726141996,29.447185361001846,9.652640552925714,42.20970424537993,19.530140650497184,18.55161461068492,33.85627211239812,31.41258311231357,24.50032492099734,25.66872378225809,33.00400325584458,36.83754846473208,18.91004334760434,21.445153558386096,20.923796101844456,30.12791056254873,31.979128810851243,52.892776257377776,22.038299655182705,33.404502009475046,22.074375318153425,27.28236804295484,32.42588649571616,40.832269388608616,33.11476136627689,35.962767405347044,19.255934418571304,29.280930973660084,23.827516504824423,25.26829586080195,23.87366248460304,34.69602641954897,25.100967459765624,24.924769091725885,25.770347700300853,23.571751191742774,21.7862178082586,20.616072506191323,17.757248940078338,33.19728536968697,40.33841809243681,18.19500312088787,33.55045563800725,18.01154689104169,23.444050553931696,24.716218882627608,27.40223879217176,27.86379810231119,10.510114868606593,35.43824256249326,27.02147943759661,28.935880569386224,17.473198450253843,40.836458449673096,16.647505270305242,19.049307132288632,25.36461460376835,33.238261841341995,27.71104910772157,20.339754019600157,30.506138998267083,40.247425140473375,36.48453243245199,22.039056982636406,24.88264811692644,40.65917053621836,17.965125827917564,25.7156391107926,42.141233751926535,38.66867274976278,44.39006054473058,26.85957186432757,15.094222388634336,10.603160452823564,33.6758718546928,28.595533149247093,37.23649046420048,29.850527401169742,20.73399610744328,15.753302210198497,32.02685985206323,51.87130966345911,21.392958882023752,34.40357001247149,37.96985285040036,14.443694705233172,24.914513123515803,44.40273809516949,19.194873551975583,24.458988545090666,23.842349759924275,18.20370497408864,16.853936068586957,43.83799082124072,24.90176749987381,20.421192517172056,32.94760180863675,22.62819312344966,33.63115657301775,28.34750885773908,42.97861685278882,22.207877054386287,14.870760159211514,27.700900024152524,37.0720376798879,23.671962977428898,30.47840929412808,25.6638096864113,33.4574129786326,12.851349594786122,21.296653824539028,8.553128047309631,25.17253255555036,14.921045738986262,20.796596877266115,30.91013256768689,37.79288483600643,18.32272607729079,37.69969145114816,43.69714028726455,36.67108456689133,25.32629617897843,26.98577319846586,18.46766683582433,17.622694977096756,20.09542119458897,14.848281672490463,35.49660993352968,26.004157366440584,35.589123891595456,23.56996495816248,39.14553665001121,26.10805091644135,28.378332567720207,,,,,,,4.0,0.0
,,,,,,,,200.0,60.0,323.0,0.05,0.05,10.0,0.13,448.0,457.0,451.0,446.0,450.0,449.0,448.0,442.0,448.0,448.0,450.0,445.0,456.0,454.0,448.0,27.594452746630097,46.76701423355981,37.17155605377704,34.02111554365861,37.228960087355176,22.238756942914325,17.93614468217417,42.30416413395568,25.48496692836725,23.75801753652626,37.94895198025112,25.28807850320862,21.329384280688554,21.880190937516957,39.10445633689895,31.387750560779008,7.975054710741752,23.114821219162916,43.71282418060913,24.930297772061333,42.98002195131609,9.955413054383646,40.65832294090124,40.40750314403877,17.132970570586465,40.47484479738722,25.60409437055198,28.16627052570197,43.79397816293248,30.840519346782,45.48714294461894,25.38838970804625,25.207909022659624,38.81500188251085,29.245218850479382,31.214622442018623,8.217064782847581,18.91613204837081,33.039626328119375,32.21218704777091,37.09840657496744,10.63600203748743,44.82274469022872,27.47671460390412,33.50128189309298,24.665993346675847,21.75099056049586,39.39770260746627,47.745551962624674,30.60606639682724,32.561806549167564,20.988100368011835,13.135173826881964,25.37968105296363,34.35310753282343,22.425573741965287,35.54915362035378,40.42920652688097,27.60874928517081,28.25017295086566,42.28056882052037,36.71869962568962,8.727973335675156,32.4821202509598,30.71236679111024,32.38709390212938,15.92490292289886,41.92786253014332,29.026708332433213,27.674983817725103,38.22518884645881,46.11055424315576,24.008284473437755,32.01297004789173,31.687861062808715,44.37593161624097,22.18628685487424,27.12355074418904,26.974272241257093,24.159726564142677,43.747079494327735,34.80491798933686,28.70404875421789,22.134300643090704,29.76451043736869,27.05429943990851,19.05635469273748,27.73862550629898,45.828066219004576,33.449910570122924,20.947025596890533,41.24730785399736,29.32449447035276,20.11202098049189,35.94035917716019,24.52788160349921,37.27127303606186,29.285366693587957,26.567684744581367,30.752005253100712,24.68965156176238,36.58877377165588,25.053488303420465,19.386272548704,36.74661712530447,18.99023923794811,31.382019553821788,26.75942520759695,35.06121567899824,23.005023421074345,18.361953663557717,26.20955860034153,26.32224483250913,21.551210734072924,11.117589752816505,37.14913660205468,21.413156089801543,21.43992863793976,26.449985775979016,26.155325838337838,32.04428300449423,38.082036245516015,36.16389947841539,29.1394446367309,17.790729183255415,31.2571029235209,28.26507865214275,45.0738698118087,21.57070372639381,24.352979935164143,29.4100861568556,21.917428010425112,29.90720721995452,20.77791642433944,23.90277989636419,29.46757068606733,23.20020728687632,25.81240288876127,31.05910217591939,23.107074379481134,27.40302508060161,34.9139253066523,27.6366255583722,26.91999412634584,26.573243688031667,31.57546758594339,33.34857307385548,26.27072780930276,39.04412930518544,24.84592344739108,15.78098900317909,18.86052371119754,19.100394579366966,39.24505818332247,22.37235337269957,33.584812946409045,50.05079529850396,41.505874315880064,37.95850230234199,42.64929782046474,27.056404728706333,35.82663985015979,34.99474636928179,33.62626519746997,32.06397837200928,20.15812878667884,34.509446262828575,31.8298960352548,16.620085225118736,32.480165299687286,33.89832660923106,24.65404496462165,28.593618483643542,33.383740355638444,30.079833170649096,30.66595582728624,30.16916771770428,30.44711873724324,24.071082165515637,23.276154222461464,34.00386895257894,54.8116704190892,33.812661559815886,19.894689183445685,25.277315948143617,21.01277260387669,32.43119434658099,14.622033369863953,29.03927377992985,39.635218247899125,46.21001782613392,32.00908950434275,27.920620244995195,43.16630147824618,26.634401271694216,26.646334114932557,12.01384233556134,31.96626224136597,43.81999833235821,16.682539235007706,18.29414353268211,33.28214157685913,25.55864615213452,11.248755310126263,33.08984362216598,29.902303014769977,50.6546246126574,23.916250095358397,15.696726476199808,27.59138940186692,33.854817189141684,27.037041384640887,30.774613667489284,30.190847087924425,32.03143971448408,26.463612430551965,36.49906092629471,47.61910980184545,28.86983771263786,31.763111597537808,16.099764927737773,37.2939612965685,24.287886321539247,36.24994752903751,39.63945631564263,27.2051286920752,33.6645821221832,30.934762321874132,29.27059274726383,43.51145211667615,35.9593137960301,24.61222762954487,23.95349981032671,31.55912090070597,23.363718089372803,40.46690800957967,40.50765987322157,22.233120239798914,26.4912446089808,25.539182898543512,34.04961319041688,34.71830420711037,23.5649146701695,14.223947731883673,40.87740910181255,41.73644943265119,38.566285528026455,20.303461282169955,15.081242762719048,28.27893399286959,45.44073004713198,30.43802452748868,18.956172120177875,27.17236829506593,45.23089129503555,31.089639844169078,19.5208124515686,29.029609032156856,29.346831945557,26.328721234450185,18.18070001016202,25.803466373877693,39.46427729541503,19.62980028033494,30.912878238052933,26.11502822315305,35.79528124855496,33.551658180978194,21.94802576881206,30.696793528459484,28.640417013153197,41.66531489255106,30.82219703062283,29.58285557511693,30.217261942822503,29.759572619817988,23.724470470770783,33.09123974991671,15.56186746777957,29.28498562664099,34.67026415069376,30.845116215003515,44.24415613700284,9.642387810455686,26.524742933281143,35.186428930440925,38.08388845857509,23.839347561644026,36.0841145044144,44.62371062624054,27.70928778967832,29.08464655250101,36.14123599246933,24.667441959507634,32.522123775596974,23.2289182576965,47.672410675308,42.91854021352566,24.366442567872294,36.76716474893874,24.27959329754537,40.958713481992525,17.760900135226652,25.39346867209337,17.690797575377264,34.67783771125562,15.671575954675935,23.612396815192238,25.44284546716105,51.02540123578538,20.547323790789505,44.0868347880649,30.540357175380716,27.315921345867118,17.85875402063434,33.493613316150345,36.05768252976775,30.758344249219327,49.10645932360549,32.19709994470161,38.24595787032811,26.333567109113613,25.08217195035551,31.97199135537318,33.126507308918406,29.374860612044063,37.37746783343597,5.439216998026612,16.85377713872957,34.509872102288895,43.3734883852449,30.75081368427965,32.50027822374176,30.03999565038896,49.656990690866,36.32858264387217,24.366962783421737,34.140182576027506,29.00576595661174,24.86142288533593,25.23566862070009,38.43704946929754,24.99359934925948,47.13635463637392,27.83403615915193,21.95941808020341,31.25055568454257,15.763039729926454,22.88276777071585,33.992984426696225,34.71093368918756,38.59079971471684,21.23197116369784,42.31899616837653,34.50679461093421,22.120638241072783,33.23764235760393,37.72171242219426,44.37685438300092,26.526168872011088,29.816924479104387,43.28121733783355,32.355555352935546,28.74369847141616,26.883801967720416,22.65857031340704,32.992891381184606,30.722060643065856,15.332909823806911,41.92258886826456,27.717395664929427,25.86267860601026,35.81938520119672,33.07670389552401,27.576656617035013,28.68384402050061,33.757652966340395,43.28508150779884,22.27937710502416,23.646992649405792,26.209122116533575,29.882902621238497,30.917792731234037,55.58916996802785,22.74488689888439,39.66675776728376,23.47825676252157,30.903702212428147,43.032882817757866,42.94809975826298,37.34393123701471,42.97733414880731,22.765962087955284,27.840460766440145,30.327175422861394,22.785157036695708,27.452672946042664,37.29958763366695,33.97102716463042,28.74112241244605,30.535073142760464,27.667753938499956,27.230785949879387,22.02981138218408,21.48297576013708,32.92313926272646,43.5860694013587,23.794785703919096,32.560562625662314,15.1306537360882,27.656666258125405,29.195211046593062,30.819524902645792,29.999299059884155,15.491519859948273,33.664368832647924,31.382268209423824,36.01119285857964,24.45470343105224,36.356053660491234,14.764308126377866,22.654796114746063,24.19582208512655,38.4668298975503,38.31916689320327,27.485320120887888,30.75724006809028,41.65714089888079,33.527077257568806,26.238031167814576,24.72307306922413,46.307178808680376,23.0698363243688,30.55944349510827,39.60242829787428,37.07403636084267,44.60044996776234,28.858083191951163,19.94227639318968,19.092360969283288,35.25306454501061,30.875415815476355,37.65214820866032,33.54913369947523,25.36941452727689,24.253618407720715,34.32108585261264,49.42411883487074,21.41038966028665,34.12328496641591,42.92037006738235,16.25940208812866,24.532408767330068,51.28941064291749,25.904098113383174,34.279540712492526,29.032609859428064,21.76277930729034,24.42885684205868,49.89255802157592,25.80266369315192,24.241026141262115,37.27601825084978,27.839933863706506,41.49779707806877,32.28474063709094,44.81324789602554,28.09134982567508,20.212975620479725,31.25788833915777,36.71801636691556,25.56660132103023,35.52323126450652,24.26261122804512,32.2096321352189,16.847105559253663,23.058769079230707,19.46713658933433,22.37181874068025,19.91570137884904,28.129441729598444,28.57419666442661,40.48880868121098,21.649758521571123,37.68448627052842,42.70308666562469,38.20450478215759,26.514351044664814,34.442131648612495,25.2797617657898,25.2302161269938,23.540293134361868,20.852028897934307,38.128968463231566,31.204225417293745,41.0286469415548,31.59476688094841,39.40199575870347,30.762655975320392,31.065448587171694,,,,,,,3.7,0.0
,,,,,,,,200.0,60.0,1201.0,0.05,0.05,10.0,0.13,444.0,439.0,447.0,449.0,447.0,444.0,451.0,446.0,446.0,444.0,449.0,448.0,454.0,446.0,444.0,32.525387921376606,44.04450246071669,31.96344149182965,28.99515051709358,32.28484265022488,23.552150979628163,16.98662686544792,41.11035720776832,24.682693089726435,21.722842928686944,39.7777326065539,27.02047385709445,27.28111695915211,20.68822949146054,36.750940185804055,32.75640109120297,11.356826845246916,23.117436799321425,41.17509759608493,26.694950341290586,43.11112610247682,14.423902094597349,37.5206429851499,34.54081870278933,19.703389933770666,36.29967472296619,27.29902883095644,25.689305231711643,46.26694932140568,28.443447857350304,46.07863842500506,23.44984283537983,26.497358360837463,36.69259574642842,20.683885987605,32.82161229304781,7.0445746867324885,17.99780032296105,31.470906013082324,29.91052121289051,37.08113076667769,13.671319594805205,38.98311895579623,31.683939414747904,31.24864564047124,23.033426013415973,23.59680494770548,39.98954214728913,43.927761967906825,27.593399408081023,37.94787649500119,25.45100507592049,11.234896455919678,33.12328563134928,30.25278584248483,29.66568595970764,33.36410635332987,36.83450210179812,30.955530391037783,32.76691658816464,38.54082893328361,31.53114240095835,10.648957560787908,29.7115446422244,25.71584445726176,31.20397557100672,19.23245789248084,40.57474039881057,24.30404832700576,27.878775262472185,39.08376708869481,46.21699425294823,28.122513651471667,28.65964161500733,29.275969394072938,46.42426542022491,20.384751491587487,24.65924124915088,24.91586076455295,29.39100693423149,45.80000695587992,38.03251633028339,35.941379713358735,16.916836781715332,28.656968387235217,27.135791973841503,26.91782035095649,31.0245393773958,39.80738880563737,40.68930139638969,16.94103063699456,39.91052742520444,24.08678766224298,20.061336950725543,35.21100250362048,26.8527648498938,39.66728177779351,30.30680630454112,23.27523062424037,30.52286572478897,26.34759304411733,29.88360528851416,27.96994940535115,20.14181007103015,37.58833473863099,22.29687112009797,36.16846047960279,30.13847381542624,36.317257919165705,21.0006171947656,19.953098666394503,31.924848759723396,27.08143324917748,21.26393634792781,11.421631027026995,37.73782342696831,22.008371553414197,22.71526152107693,27.980508558926548,32.30371903992347,31.8683954635229,39.1830290492926,31.283218914619983,26.907721964963457,19.142089825608355,33.469251571129995,27.0164381448956,46.15209960151849,19.361115344125743,26.83528396802709,27.330261122272617,22.724012877516756,32.17941822729164,19.86930426431444,28.308807073030728,32.96572412988099,22.03788677755487,26.31997159907776,30.64866125734389,24.29757703591726,19.338283004149574,32.62018025842071,30.600692103024542,25.59877834894462,26.94038094573173,36.4257743448775,33.934232588275755,26.435458167166612,37.33007666128351,24.734493225850724,16.580622571542627,19.227966922741167,24.315665918959244,38.967427748400254,20.307098701157305,33.55282357071879,44.91389169110079,39.00351659306527,42.09473587298739,38.04964787973141,30.99739343283115,37.90775070552988,38.93837211305268,34.06297786913413,32.223970070620844,21.71384458477288,33.20089789600242,30.575523861102717,16.386689445770525,32.79992259529497,29.467443322629983,22.153925885857767,31.84394776861537,32.74021276655626,37.56484154172401,31.05073016316253,26.892197582870697,24.83549510902345,28.447119538149188,25.519613222815323,29.33276752679089,47.76582028045434,31.755557986660744,19.271821835878036,28.030014782422757,19.832851443772665,32.43563382537316,15.964336792302806,26.498442735667787,40.64669074008918,40.80288644178943,28.200083870376737,27.15671789247212,39.99341446946286,29.71987430032406,24.892431686491005,15.750654332067672,32.29090308350191,42.50618696604131,16.37373829493863,19.163839316828387,30.6097280706238,23.086129683405403,13.561747242478482,34.813162382599806,23.75176139354863,44.4391330036982,28.016597560744657,16.587233982363678,27.23326873019021,33.13539545506528,29.28319794032346,32.71835339564621,28.323673335836936,30.629885939303936,25.593947173630347,26.36668231119814,48.04809501938331,28.24442793491022,34.010738441635155,22.65717779780596,40.646782488221525,30.252534756351125,32.547469754785034,40.25754013360092,26.179063798133427,35.80014030836104,30.51605249831785,27.438244613579823,38.93626722481159,42.20986119167057,21.238105081059864,24.31699753371436,34.02411204124709,22.67569826425238,39.05901732996051,39.88904390585813,20.258603176834097,30.64185313096329,22.5435319450032,28.19270405938561,33.77622999594317,22.452250254195725,17.582638894175574,35.44867046481264,43.05579304738031,43.599302091394485,19.29468714222475,16.623397163320806,29.65823488969989,48.01784441896553,30.16046174359789,18.23066462268916,29.25979306498408,43.84950281082713,22.516098298392844,20.33650599459849,36.6246436854587,28.536794897202068,25.66474376673027,17.75379642066899,31.629622901579964,36.628805086105565,20.118354951482683,27.777435337328285,23.55963773453392,32.93574113253699,32.78320653917695,25.70363917605654,32.47863946526598,31.587542557996176,37.089619911177806,26.43890982585062,27.6931765500554,28.83368802592428,30.860481732148138,33.08346123140207,39.28193370270553,24.3298830154842,34.06015344333446,37.24379935484381,26.64717382317641,41.22223863630994,14.044030449552324,23.666477986545537,35.39147626542757,43.17572409822336,21.1182024300738,35.21572269721221,44.309960186814266,23.491013563293524,29.01618484702974,32.43435219390592,26.057454996865538,35.65749507273971,26.969853552009383,42.11717620622112,39.69614785023524,24.11703502710808,35.238021671159814,28.1988732049419,38.7754935159409,17.76292403189586,22.511460515114184,20.085270345074203,34.81935610760409,19.43965786738451,18.391378130552333,26.18611064106995,46.96599162795431,24.06032065774145,42.78879347276183,29.781683189507977,30.432747384632528,18.800868132077166,32.29096883652781,36.05123174500468,30.139209246709736,45.74055845338445,33.59862437272788,37.23209846616717,28.403349018264255,25.27956716410131,39.2415760846766,28.03807852048296,25.712238206828417,36.251248125268766,3.652684460974576,23.00071238316572,32.17368112590128,41.76519900374703,32.01084287446926,33.87532571314672,28.863368391231035,47.37970953571258,38.13601207366676,27.5601243551541,37.077743728920034,37.369396478896086,29.51682504753025,24.80357917578302,32.85096226765201,24.566204343767986,43.11047611277472,24.72356879155204,25.46793419717408,30.404091313877856,18.254197596449966,28.64475613728294,30.115560939191266,35.74890119739777,46.1450599473792,24.67961461578605,40.97726817252413,32.300305036531874,22.621108872432675,33.86709571242505,35.793828564338405,40.48440736284616,24.497320774467383,30.902064464748157,39.6674091876631,31.656858054586188,28.338292896907006,33.621956421523244,24.35523668808972,33.85960203521466,30.34301256496298,17.593807955988137,35.93487088410508,28.493531473192903,28.61613719382096,32.434273603517305,28.28602822297642,29.27810279868236,27.03029203167532,34.23227503888688,44.23364985249869,24.67958338861306,19.731414631417657,28.59444354218384,29.17396751583833,24.181678915179468,49.370230562723776,29.63200295788505,35.844748909039595,20.547076996027997,28.67230472285188,47.66518512952829,42.55128806501541,33.21507736636752,39.75320701908883,23.043126026189952,25.497981729532032,32.57586922452385,19.640084777012238,28.71250113102684,32.61404991242861,36.99008021232317,29.224435629777027,33.87310192658991,25.269963090084985,28.704525999214404,22.1727731971572,24.98104966259134,34.81786412185939,39.05740815909503,25.81780651395628,34.17109331076379,11.419190633347508,30.084262233161283,26.333295717434435,32.23753622723904,32.30149971716319,17.757903631620668,40.29016070222258,28.76935999132485,36.20271680305679,30.583450418793912,32.93659060743636,15.656354225788116,27.31374873797956,23.890124323803374,31.67716732631859,37.86588134511928,31.39902465411425,31.99867905351515,37.85135669561826,25.54857794085763,21.28735957662605,23.53749521309598,42.882379690104536,23.93655193418512,26.07955951264669,40.69640500232847,32.59588483669279,38.475651610629306,25.103198361805205,23.36247436368784,15.901619916872257,32.88393244515488,31.733694138943285,31.005945817500518,28.8792310303056,28.052711962215707,24.88140607817913,32.385157575196274,48.58437879832964,20.23870367915704,32.30471540359216,37.166053161509375,19.167861385871603,20.501751989578043,45.55524086891295,29.26225882837257,35.774410479703015,31.219084552591987,33.1985175180951,27.58435638318796,48.13684638523611,27.205500902270163,21.759143442042145,33.32743591342273,29.228193336377068,38.42467884553475,32.69363756197333,42.96324700447753,30.44538777866572,16.743705667445134,26.858778489760223,33.47099399502329,28.619734523464658,37.36650370205032,23.074098388599204,28.012388910713096,18.932230435415452,23.973701355756944,25.47400838302283,21.97142827098156,18.53104313825053,36.41135560078428,24.451055870967103,46.13051915223694,25.75806034661484,39.45548277263931,41.90725174670801,40.21043143626266,27.52285583193385,34.14405708590228,26.507798966583845,28.158459030000472,25.027149256641987,23.557872627740903,35.256030071620536,30.782984091455404,40.33147873459246,36.2076483401345,38.88489820580853,31.473523159665863,29.221374182181343,,,,,,,3.8,0.0
,,,,,,,,200.0,60.0,1175.0,0.05,0.05,10.0,0.13,,,,,,,,,,,,,,,,26.97207554320829,36.64393445069968,26.14255987206482,22.792567637207423,26.640763861975387,23.00560188550716,14.367041244177589,33.52688988019749,22.143256664345397,18.866706337823043,33.76607099267127,19.662810060539044,22.687530456809885,17.118143888510485,26.99959187096673,23.848871125938164,7.635645547484144,19.71137501954155,31.12178041302176,22.59056014844852,34.32209616263869,14.375314396031902,28.903454502736334,24.57131591100065,15.823309920890946,33.15385848816835,19.230138008304337,21.78693751946425,38.99606761666216,23.468226079245916,35.397475557817394,23.085992075037307,23.165713203163087,29.522049087241207,18.679079224842184,31.04411233693846,9.664602567219212,21.161362736970823,24.37538422662398,25.884394803559506,28.942297100904277,10.834817190761427,33.98207690298286,21.132233661667293,20.557182746131165,21.391883055966737,21.49074905387421,27.931036593494145,33.89054404638905,26.57783370931568,31.64261079423224,26.290730220454343,10.048443644935851,26.33454159139597,28.370531939727982,26.218909973184108,32.45598781387216,30.336115602792574,28.25495817674216,26.409101817313516,27.44881703850073,27.04010226348893,10.91969681088942,26.21196343274914,21.00335712062247,27.610562206744,18.120663464014648,29.06629269636384,20.803050830427853,21.20228473643132,31.76259784424154,35.732264956035124,19.973379544963635,22.5171299073926,29.95354509078998,37.44096968601894,13.661474966020476,20.30380849730847,24.11492065234731,26.343798528329888,33.02629149378702,29.770194080917037,27.20781775079485,11.55508376992599,22.25632652536826,25.210803764217893,28.90220517276295,25.987749714574917,32.501828845631245,35.84127218683564,14.421607307795233,35.59115622248659,25.192509150897838,25.475307988785246,28.775763067044856,24.071994565551726,27.77274657204133,22.355584649754853,21.112499690545576,26.650259835399247,21.653497443284277,26.890412764252854,23.142593164002957,19.421495583538004,35.19167285704171,22.113928803453877,28.648298591130512,22.183818518861468,25.91348466452207,16.21606915964939,18.325255020553787,29.796477575045827,19.14410346576521,17.8387315358203,8.778506393771565,26.197821697625496,23.13101928185447,20.551297182936143,25.62520977284997,28.58694300295655,25.05324067970299,30.8408867859013,24.08023828080422,22.04331830914704,16.584772137217012,28.579903042903155,25.100892331052997,35.645668652849025,16.42413546905158,23.36520180957754,23.394419207320052,22.09470038312914,26.663378541700872,13.975759299000403,25.990604699836663,25.65726529983848,20.06372185691061,26.4219477899212,26.143426282872124,24.25270258978568,14.990304559791982,29.294336292108504,26.90892250448765,16.29882975613806,25.540424826843683,32.77501582867429,25.44406181817476,26.664314380312145,29.21288498614657,22.78347389641295,15.726809445107149,17.048209711930134,26.26531377194113,33.67125119058459,17.28125581040514,28.103919997253637,36.22457067587696,35.62711907260414,35.22973578218609,32.44427620826988,23.28571771359436,28.11799190122856,37.39003175024717,26.710595225641363,29.44069643187859,18.477176890209737,23.550903502085237,25.67634846250767,16.352910113163126,25.43993925662271,27.25748917971877,15.733405688769947,26.636670588260365,23.758710209186717,26.289193894551,24.33254914483349,24.63200539414997,25.316587788738065,29.1149468857317,21.40028929453248,24.372930421563886,33.159078276509206,22.718521852237817,16.22969796661671,23.902824738071224,15.131275154708046,26.885106329580537,16.85466255224459,22.641599447664223,34.122619691620706,29.30816729353925,23.77166810872741,17.96013779261696,31.70767092217756,24.38955568281124,22.5024312830644,16.64392263268697,29.52285715004809,29.755851246748577,16.89068142619782,18.353372804709817,22.760888592894258,17.105835418265436,14.869972814980242,28.348351826356737,18.02461356880046,36.6861780402622,29.092007263961904,12.89281921458901,25.302991067281905,29.396882125597497,26.71337224964134,23.81726754320315,24.484409185752444,25.5983263882722,18.13463191723358,20.832641101699696,39.52370434076587,21.72132614712644,28.184796040042805,20.694335474316794,33.35258577861154,22.83219190521721,28.221141845813392,32.58807713134975,23.372295344484915,34.160293513324845,23.829272871230675,18.811440475496426,33.88940668602849,36.21344258900746,18.30536866666726,23.75474809409028,27.811543455598414,21.358933846680117,23.234279642278427,33.15044766300379,18.57759639345973,21.99743792131841,19.238808320184248,21.84448395574287,29.44676207784989,17.10458779926236,21.4672953416193,29.57934818885078,35.15699296741547,39.42100921815209,16.135527643058175,17.993757354313278,23.24997482091117,37.72970137042322,23.83020156398512,19.128583699116533,28.595197948904083,33.99834927802717,16.633456758918445,20.834359312531184,27.877988356260293,24.183886377893817,22.00365442065311,15.016434296755737,27.339828868369555,32.16912802093811,19.01187034319386,26.75926285184514,20.89741156440593,26.906619116806453,24.40668031350508,21.951062969452675,26.899371258225425,26.927121909385452,24.825435828739977,17.270374747082197,19.051027835417383,24.071938190456372,27.29303983408181,26.1405739943209,36.59129394270858,25.90600119672119,27.756509117559,33.415311937461446,19.563494017748447,30.73577496564028,14.596676543579235,18.06238092332737,30.72381896868648,33.26055791883855,17.3920039183616,27.30631833769454,30.44289717288745,21.807449982057676,28.3381808611418,26.99316605708696,21.86095586209611,25.600500825026877,23.422228775629225,36.753550174475535,32.076703929377004,19.597556696172667,30.20132675859698,23.878511875646616,28.828320875103223,14.290664517748764,20.70842803064466,17.388862111494664,33.0902723685296,17.972530550687193,10.93992224229062,20.678008266361356,35.27095133116009,20.348903878389255,33.69937746738898,25.26675384798272,24.543816230128098,20.221634746342925,23.792804298829022,32.04476947086267,26.107144671109584,37.98772003244128,30.777294920664293,27.83952758626041,30.068289671387195,21.22267287658455,34.01580206014763,17.164320140110505,18.909898567877743,26.672630115041336,7.470937563862814,22.068854024105985,22.82023566605973,30.902220742123603,26.03477672475461,28.210577114192983,25.135819430737392,40.45200176682615,33.31956464653314,24.154064681920005,23.90521302445424,29.52920354939426,20.43527377363227,20.89530477024432,22.527052439353238,21.306216226556327,34.115688861024616,18.97587701297595,19.19723022491705,21.76473532048641,15.01479137057245,20.42628272491497,23.330185061905716,25.651990621156667,36.31392431459717,19.404150028621483,35.308004431294734,26.281150478500194,19.61025206739973,28.607567771588023,29.035313523329208,29.52208872662145,17.468685582748964,26.590073541349124,28.415703833838457,26.61084710095845,25.914162961154897,29.696887890472038,19.031240544670773,34.59799570729973,24.51617885770285,18.619417946709454,28.87455082497077,21.894385816883226,28.109405185127105,31.92709592643827,26.23606961959853,22.4053483181414,22.599305906794697,25.29696994763024,35.93124887230971,19.16712246343404,15.5746204324472,20.47952584803017,22.056662646745988,21.833366138431355,38.24352985134384,25.054809818116937,23.894080307783067,18.28565833258024,22.30828490419861,34.44052941779711,34.43356126377813,23.624937892159583,30.737440018458724,17.922237319150042,19.081415146667748,29.11531716543968,19.43844250436977,25.635690101189784,23.668934167647937,30.16701421822975,25.561597084059837,28.953176618526488,22.503939061241496,25.41105281524744,20.817342505416697,23.741700915944858,26.38633772517465,30.07914244504072,20.87281873305204,29.665167901056744,10.272025341775125,22.76668303497139,21.274398820355252,29.15468557643715,29.86485999445066,12.965733761116718,35.02723180923696,23.70048101015564,27.14321009119053,26.26893324774005,26.160492552322488,16.763522235096453,26.22619986612696,23.97638698434922,23.03147761052073,31.4548008547723,23.112029366776785,30.15579465771282,28.25574821473985,20.520186600469703,15.97669376713414,25.388395683776714,38.25270602465611,20.017720586974967,17.250069666547763,29.091515327744972,27.352690025940703,30.69130754378935,16.645497766849232,19.08195661568942,9.380515783478828,26.94235330743233,23.303699282064347,29.12558910858606,25.763276491311515,29.35909566747715,20.176950509572933,30.81734267632157,38.78599522187426,18.1718067636498,22.332500946199623,26.553627167548957,21.33551091053794,16.821704491511184,35.28948538271072,23.21098527390192,28.33336121938284,30.01595345025187,33.33140926530687,25.56123645722998,36.28565309078293,23.457044531022092,20.35504879591064,29.12367257088686,23.84211569726796,30.04813323380339,25.76683431751725,35.59034443675577,28.083837171640656,18.62544574237714,25.398047620852093,32.000337126759746,25.5965029587636,26.893336804136972,19.37359917537751,25.537641724300205,18.634383988249763,21.495324796159395,24.932507567641867,23.883706651649696,18.42604531816231,30.827050135709065,17.938133327714358,35.642848609463016,25.69629239815016,35.29360116711949,31.994959726958232,31.041267004902146,26.637671247106358,27.351336668635216,21.0504623260589,23.421756891270785,21.90577129306197,20.80928568226906,28.89478022586379,28.211653786939443,32.80140623189255,28.37919287946832,28.53083830853276,29.59316222294912,24.96103968040103,,,,,,,4.5,0.0
,,,,,,,,200.0,60.0,455.0,0.05,0.05,10.0,0.13,,,,,,,,,,,,,,,,15.227852108009504,20.807612457761287,17.466131657549628,14.858622342696446,16.958067646739668,13.335897150657082,8.654779962035487,19.133958110138288,13.342065523737732,14.633828623797214,18.896160914833903,12.571011384016938,15.574786739504756,11.716270702190196,15.0547656465371,14.141169906875746,6.000156470506882,12.506928091358546,19.255622769998027,11.881371377432746,17.563158128234587,8.23469682386837,16.809947416397755,13.458848113652383,10.464161222367231,19.446631249994425,14.419327049610928,15.491400699336298,21.627007844317266,14.103586209956497,22.442899767060027,15.02225444570436,13.81456717856635,16.291134342207073,12.249944420397677,15.544187356735844,7.301719352750082,13.89967015595791,13.709372603120386,13.676830463341425,17.478460055271565,7.072624491655971,20.44690978678524,12.410977388749334,10.692572661244352,15.762065906952104,13.5965409629468,15.948657583787558,19.919735648330857,16.37727726094808,19.08812523513861,14.688514924573218,7.9376378363583955,14.145850440624594,18.241018964495957,16.232147565811815,19.225901499549323,18.789798644449064,13.858277102399615,12.74067598527788,16.58718227347143,17.216211186945344,8.92166140090228,16.12760346371418,13.459675486544745,17.00598191443321,11.541420741348585,14.850904698462958,13.18292608367382,12.52349076750568,17.79528209662236,19.466706156244108,12.28803313925088,11.476142150591532,16.95105890125315,19.094451800756875,9.737872428329757,9.335344509021295,16.14773465140832,16.621980331834052,18.6423947067918,15.806528280299656,16.7587041426818,8.088045042930514,12.070451113378445,12.563096937491975,15.816121489014778,13.645828764011524,18.485880204300315,23.664702210125206,12.673148790226405,21.15936443416546,15.543553542961131,15.024217321658876,17.112183110455373,15.088373577650648,16.376112469636837,14.815883743399391,13.630343936755814,13.399615623874883,11.857706328407245,16.56713136201296,13.452469439826928,12.38305833236054,19.863822046049247,12.893501497949572,15.413228700918024,13.012059286646576,14.727573190638005,9.918740309854575,12.867052617151469,18.248550584054808,10.570365331474562,11.74768833044,4.554020661882655,15.14788642642516,14.97554652557724,11.555824749823625,14.523403350470575,17.213623000051243,14.177023951051558,16.640455463183695,14.19972798010223,15.0928726465538,14.055691220183942,13.973288181206042,16.75311556285981,22.266796780442977,10.098512914804996,14.63725367096129,14.211125138911932,14.36529519025119,16.904278964397992,8.880123586374149,15.105819497824443,11.711070860871772,13.829184448557706,16.19925499149274,15.447252694466252,13.624802271792518,11.113284995956116,16.603679945020676,15.310672952329895,9.954054124012544,14.387051365335047,18.348562797391946,13.539670620747394,18.50223064873559,18.850480937999357,14.624583580065533,9.72259658422572,10.336190399066057,17.164317572083704,19.738755352434943,15.750257934954371,16.811468789012785,22.46522930662291,20.311390829323194,19.71463308390624,19.472493563058524,13.24348172465413,19.520964796697413,21.886498567819768,16.190306285386068,19.240886239964087,11.279853627867846,15.450720502954065,15.649811379216883,8.48638145352138,15.64667947339211,16.359830358025814,9.955777676583214,16.971512934874543,14.849381528515762,16.819458657078826,15.03674816975184,13.342634911572942,16.524197237745387,15.747436193045294,12.48901144681052,16.203260613943954,18.32681160859113,17.17615686912518,11.079582639595042,14.080459242768796,11.34245292779583,18.30083821869995,10.199707811897472,14.404556392376836,22.472800632757256,17.032846843140103,16.108077850636054,10.865110542609424,20.38583553134646,14.84318367518449,12.392142730072475,11.27098321448827,19.24958990106761,16.27651988472484,9.24888060440205,11.479645588611632,13.082412224009346,10.462881617655396,9.825769081774196,17.17229361478119,10.721193388241678,21.292660192289368,15.563167956903513,9.67253698740592,17.626165235088298,17.65733195892805,17.36793823218887,13.332980262030992,15.426033695598688,14.805573697084991,10.44649194244329,12.40723921153424,20.877197384822168,11.373076883027954,16.132515186971744,12.98974084511123,21.944007389527883,14.27549338385492,18.165583231935017,18.17493521843925,14.162234516375694,19.389459472403697,12.94987481621706,12.187475159704531,22.975971993232427,22.560591879651152,12.55187467623139,17.101507871097933,16.97507042004389,11.503882673596014,14.218930025607262,19.264199094518727,12.026054594069926,14.20999750304613,12.462190332345552,15.065149921631818,17.27918015254073,11.879805731943115,14.865605880381276,17.100905995528777,22.29529769763277,21.121235174409417,10.507885961985044,12.145329838942311,15.756910914083177,21.2542764438556,14.597755351665404,13.354473747480585,16.068918879888653,20.267545886313844,10.164240244290482,11.224579859247427,17.00055875301495,13.23951316945509,9.948119840114446,10.561970557579356,15.74299142075663,20.77079621352062,11.29252522957021,16.46410117644898,9.995929988773188,16.649281008269917,14.211886625042965,14.153155415386674,17.205604671020666,16.835467390069432,13.96923346937244,10.41027796704897,13.645704598822672,15.030199417072918,17.38122570067782,17.53881030518127,23.6193736793047,13.896282069055635,17.003135394252553,17.745673134772538,12.736270429940644,18.06908489625837,11.851416290976635,11.074146158429906,20.3622084306122,17.803716636208105,10.075844766325176,17.830860893928893,15.479932768250846,14.136989836136314,19.87656143090284,14.136149211258482,12.22356584258013,13.770549361528994,16.003738511249512,23.636957717400747,19.764999731909853,12.376715274691875,20.222508531769087,15.999508954657513,15.567578201221206,10.270514120666242,14.05282795707651,12.536726027164,17.960086760301245,12.435681886944453,4.809640904333246,13.772046362455692,21.18735492745425,10.836701203746204,18.129468053629424,15.776441008854986,14.64829585375008,13.75617768386542,16.001832620170607,16.482214773961488,13.84422904376473,24.14054282374628,19.41505626979603,18.55582504776565,18.53344008655733,13.029353651205057,19.720472016674385,10.68120977249836,12.734400549900672,18.498461981451413,5.612821199643456,11.346746242164444,13.435783391496129,16.607919318024408,16.10113172503913,15.471415689703466,14.465310909558024,24.930013478881055,21.864440803722832,15.612919729629816,13.02805567168542,14.113658776679191,10.765181472764054,13.123499044441312,12.271810559385404,14.854517785304608,19.457585071877624,11.023384439667405,12.821461514069645,14.801691270721856,9.83643153569441,12.21749242797074,15.22916830829796,15.680039237862369,18.22304426523417,14.815772860543037,20.76148102028362,14.373338474939896,11.913000532147862,20.38090514628852,14.278299961314431,16.420278451335506,13.59275091039372,15.469706413334126,13.86090181543388,17.032248712837767,16.49846974315653,14.167340248277052,10.495900068225804,18.713561589819214,16.547094892344028,12.361728947758486,19.397844461861794,14.399701620920672,19.96460771407734,18.651465376972823,15.911004028278018,13.164014980733516,12.893700933949184,15.9299284364641,19.42777273022147,10.54908190148206,9.298432135089254,11.47042071699913,11.071458230331178,13.312935395051898,22.07417349048017,13.593722813776738,16.02253214870911,10.582052774701,13.23540016729154,19.771360528676887,20.377873544569024,15.78625044031202,15.489286197042883,12.376977338655935,16.253134144662372,17.925151939535343,11.754395341919553,15.119402913220329,15.892555889627914,20.411403060614123,15.77009572773175,16.672508548180158,12.69798487982787,13.73441225492967,13.629785111495847,13.45319130382366,13.816100110799226,19.53179589512401,15.090581075905282,16.433682416064997,7.919952775606196,14.86637288408489,12.719321510695528,17.75286426957419,18.162311301395164,9.484191722921626,20.963149423912096,15.911040932354563,15.184648857416546,13.446721537680537,16.773038982978424,14.02484846967733,15.593058813029888,15.212795014785828,14.305778883197826,16.969154336289638,15.778251214987469,19.73497844266005,15.084900996065754,11.525113998374128,11.23086517313704,16.983764222903616,21.147595854651,13.540096919718431,9.726090722372383,15.146722784794132,16.56606253243973,19.872191484459407,10.379672493518118,13.151047448706294,7.2061365195259395,16.016074531741747,15.12345023039794,15.018185100692564,16.828209677367248,19.389425040185056,12.460645382943673,19.14297366484364,22.297762163239145,11.602501773783631,12.085902078510074,14.421704855657138,13.867134208973928,9.673936749342316,21.193206395248183,14.6117742623133,18.868617816416087,19.502089343632704,20.188164491185507,15.11359152306564,19.84619319412304,13.51560561001881,11.093882449458231,17.900372596556362,12.768684105630534,18.47266767342723,14.67616873769224,20.48659071637942,19.27290722214998,13.481477115205792,14.780727822495749,18.61475492099593,15.739881145747908,13.350882713612418,13.027187231443625,16.1519980824293,15.454447724320085,15.46581887752546,15.101430730628554,16.291737069362068,13.618866929595644,18.463303224798995,10.936595859741129,19.937777882338526,15.52269943058609,19.1369293129732,15.90825780751154,18.17671418050979,16.867053811204375,14.69646119554562,11.365837672309423,14.366732904412189,11.697572682009094,12.830695179522923,17.241266471985295,15.59448199210996,18.10253541908976,13.431882109914929,16.868539483199477,14.460538540173683,17.408701348193052,,,,,,,5.1,0.0
,,,,,,,,200.0,60.0,1629.0,0.05,0.05,10.0,0.13,,,,,,,,,,,,,,,,4.797055444763698,6.659401773598876,5.430277888941015,4.75997246534196,5.699436867835468,5.136138384943143,3.089566863989872,5.350340997448869,4.725131880648887,4.478245489599037,6.621321894725771,3.638075930168261,4.804613277456745,4.162758206075649,5.29564835471454,5.376376262165989,2.0830387106210018,4.29043327723152,6.130278901000333,3.382852721094535,5.965487410692038,2.860521365337555,4.927480199508159,4.967067436025522,3.654144734086896,6.511750743652729,5.010492165850731,4.68746779250608,6.828812981707026,4.768818826491476,7.067917445758987,5.034445087211145,4.961128172768053,5.184166730375166,4.065610930996041,4.675794626126544,3.3054926672967424,4.746880257574428,4.700891846480118,4.36853475528377,6.114968591991913,2.6288193929839654,5.8069344459944015,5.597715761290846,3.551319999774952,4.765953517045021,4.461428764165381,5.443058804643758,6.389772501855036,5.559473296179832,6.334395795412897,5.050854164867874,3.501867891840697,4.576810088746753,5.95506611878009,4.418342680262403,6.408074007296472,6.108482538369308,3.977471047110943,4.744129221420872,5.856894356366794,7.173233194143206,2.752348993317435,4.871730234756815,4.086883252330948,5.331768145138261,4.121276515405448,4.581438830271011,4.364800638924715,3.460043881887254,5.506600874351545,6.133652781591493,4.64276381782941,3.269265102867385,4.89145037406413,7.684382584901646,3.457716047464434,3.5318473506796586,5.932574323791153,5.248161523952123,6.354007750523751,4.457091145728368,5.914682733519143,3.866604846352757,3.6814103770054176,4.667279149940046,4.870393684023766,3.968442532271447,5.3957411176691705,8.183967754973319,4.883210837899318,7.385132449032574,4.652205812578448,4.924197827470282,4.857711671388644,5.36006721220371,5.230565658607588,4.724795651561514,4.518595116690912,4.172721921249591,3.7284607504436575,5.598583967236541,4.907367942798908,4.930720988557469,5.003888924863484,4.581561971360787,6.016831803650571,4.608809557586413,4.9668968034448175,3.623543864296568,4.674487895951348,6.086336189292268,3.229752558779841,3.593087393514302,1.702967963161257,5.189336526074242,5.109132198487264,3.705123935075214,4.290995246915005,5.662325578477984,4.372736729718657,5.603026497610822,5.453755772368904,5.0448759017667815,5.668299080110831,4.690679941234825,5.431299567722931,6.919810027181431,3.090344605750924,5.231042602372495,4.687790867424704,5.325526194809917,5.989560584326749,3.777878841918968,5.248532702910103,3.837053670294571,4.576064475506787,4.826580659116738,5.619628298689667,4.97683293246227,4.496905228388738,4.443489353189437,4.992572992570132,4.348931487286128,4.608553217493341,7.213337400614179,4.757742645582943,4.781268923345426,6.182308614776122,4.176940828690794,3.5235445857511625,4.121654147016545,5.502436230674984,5.630327848890524,5.550949865720289,5.177614166199744,6.6181929914604005,6.882479801961886,5.699187903885285,5.840342856837838,5.201086238793636,6.421186415776196,7.266280937391417,3.8915550633289735,6.392111517667267,4.088964862928403,5.06410138156467,4.8433321456663485,3.038702713350438,5.5011565055171365,4.856388366490155,3.89816262398425,5.909521169147375,5.03952582395207,5.431437211205779,4.5589632457900855,5.261674237815433,5.349070077298975,5.656385922246741,4.620345706213646,5.78067259097335,5.700221235166215,5.528761616419395,4.115875885232971,4.385443311210693,3.8794721797237504,6.090894824388451,3.396708088380518,5.410553795709849,6.924885507775587,5.597984142474699,4.359332092763049,3.4090574917590457,6.639494718762715,5.993375934323382,4.1079030338309135,3.94526328430797,5.479401911381529,5.29849978298802,2.6643469869047465,3.705345230037943,4.253203479477467,4.675806456559924,3.015487877223321,5.8120411732344,3.937309562612173,6.484959610468549,4.664757007044772,3.682658472254003,4.940925093056726,5.1920633588609455,6.232251461782864,5.4915463059711245,5.0470300268139,5.921842069986488,4.036488957224355,4.710807303045954,6.090136609864386,3.7849827425237583,5.427464912173521,4.096807170982653,7.779222260869259,4.408260575157657,6.880729995913923,5.036164540665615,3.939039686690418,6.098855374440863,4.633261614984317,4.536508776899045,7.248831813128072,6.709350383590208,4.555161130068459,5.066037726428927,5.284123762074641,4.426047776144468,5.662623724497319,5.976837158508869,4.844925981567759,4.917677556497903,4.228491666033215,4.716294889747858,5.458319431771362,4.218523643986924,4.881623995409227,5.418852517053816,7.140249677821203,5.95764002523858,2.712000055610667,4.51643869582954,5.216207173491835,5.932136532687867,5.62915618869552,4.638787462789871,4.985659000810668,7.028549469821163,3.5388876900618804,4.411983851406927,5.530652074695654,4.232496015414075,4.169304345387454,4.047220219075511,5.247457276757616,6.590359746902552,3.661416533661673,5.00554798883315,3.044564669888408,4.9709868600691856,4.045107088925081,4.422409947819266,5.10687794814412,5.246740294482635,5.464308018895747,3.388130117136379,4.191967667733655,5.116533306858079,6.39238732772357,5.081842791452215,6.888854928185431,4.783495305169777,5.429938332374837,5.641474545244735,3.248648899200552,5.74035870007137,3.422913867994734,4.206400320537087,5.988305620665439,5.128618290022895,3.958734467915803,6.305295763750798,5.050505761152273,4.020420444396871,6.078908203309799,5.155206280586032,4.176587036168419,5.06962304006101,4.577789744750819,6.857121195215625,6.755888865722445,3.5981761171031925,6.6924510586711685,5.555622502885464,5.136764342007865,4.086059502630478,4.727452837753658,5.264063515854925,5.472935012671468,4.879052735348113,2.308347252361356,4.855344727282111,6.661893921785184,4.124823228553468,5.832248125196296,5.440330179587135,4.363711651786811,4.904100346977664,4.9772784389308935,5.337344906333499,4.614030737363182,7.479497972991078,6.153864155300873,6.070725741462044,5.624769512875689,4.641268691034532,6.679653747396052,3.678353776542936,4.412772268565448,6.080273974850622,2.8788726392137933,3.205013705854079,5.004396350793913,5.819725303665102,4.855313285448811,5.24085888264402,4.638663165272118,7.144834557380719,7.456054467297655,5.677316377567245,4.168498181739424,4.68276999027894,3.775547208968204,4.698013261663648,4.371592406173665,5.15237610001439,5.786083148821092,3.6536512919170416,5.409163234790033,5.208431171772279,3.6319589570838753,3.979943789940627,5.8777588794542535,4.802229569919543,5.368320459579503,4.814203706219993,5.781973167103277,4.844228709885572,3.631077825676608,5.914905221191249,4.642517420618252,5.729700703345545,5.105470402510486,4.066735835219308,5.010245360610323,5.964177795226719,5.691891566758331,5.153968711773107,4.02869903219608,5.059996799006376,4.441027187736832,4.110321013034285,6.796841879810832,4.924532746391082,6.486501988495173,6.663257722822838,5.333219941816068,4.087498983907837,4.98215145837764,6.158045814635196,5.598647831818467,3.443160477423909,3.726425514262905,3.4966657121467786,3.340474891028697,5.223971774637992,5.425352922154461,4.122460025738056,5.611993843782215,4.1740743516919085,4.810405839168109,6.136230702098939,5.251195969876092,5.423270194051666,5.046869970094319,3.9389974359694353,5.751133262656096,5.881060653758787,3.742694253731212,4.63012036910107,5.026482380443484,6.297615354098486,5.66898096161887,4.894241190891278,4.159565204195694,4.485745051722571,5.085325053659488,4.853162931223292,4.601051347713346,6.004654989207225,5.646765384755695,4.615936946561987,3.1550202223621997,4.774340873596149,3.831878914079772,5.285508704650868,4.989162285708801,2.27293317608702,7.387975922339259,5.8646762585480205,4.6779319440749925,4.80831800539841,4.432712808922903,4.592085017457819,5.309342225058174,4.73261134353964,4.8741592113534375,5.386842650352541,4.668020405421569,6.713166200078524,5.371312290490767,3.8327817259749217,3.8213471461242583,5.931795328980121,5.6424880653555,4.590737277843347,3.3148559927157564,4.829419078151185,5.47064269417452,6.67106540037246,3.129977623852372,4.179804116137187,3.6151001011275454,5.596841269961366,5.408474358446832,4.805003752145653,5.913966948820754,5.635674788428579,3.821971093206422,6.3929639585446685,7.4204827228501955,3.541176872448879,4.341803793587565,4.639151968763976,3.908389079457951,3.4901369392197426,7.379057544261178,5.406190251688788,5.854898862768582,6.389266757749254,6.8516722806269055,4.520947548608609,5.908084093732279,4.408697308601191,4.046396246777834,6.138055568113209,4.585469808898881,5.254752330407408,5.459443677037269,7.43995563344656,7.327936639978978,4.828984243458119,5.137798991213919,6.042268036364367,5.487808243987244,4.597426252652716,4.778657500862092,5.295240201788054,4.7523144196860665,4.555360480858156,4.962184011191885,5.49013184609975,4.873097614262647,6.627239354268744,4.742222549819694,6.006096314344718,6.110932838925278,5.726659677932751,5.357442082701768,6.220049868800533,5.552932555827513,4.905379267996856,3.402373107343029,5.269556417105687,3.7789642609719527,4.282687399795595,6.096728946811492,4.337028378507403,6.3759221235056405,5.603541436087283,4.988025473776212,4.854451584868688,6.3646264277768285,,,,,,,5.4,0.0
,,,,,,,,200.0,60.0,1236.0,0.05,0.05,10.0,0.13,,,,,,,,,,,,,,,,1.860407917783708,2.421236639134603,2.311297801585781,1.7757379558621773,2.6316836285768,2.0217500184531083,1.2654226834755058,1.8594201570257776,1.5450279076634033,1.5625644448073095,2.562129243004326,1.3369418074591617,1.932200286688028,1.6220487506471704,2.1048379376512734,2.0853973513858874,0.8121457905804361,1.8501021839458112,2.30055334200094,1.2129878363983109,2.6556066188415244,1.6732899091690083,2.003447650970307,1.949988513266472,1.6427836092134471,2.017194808061268,1.832545024912773,1.6653207676479431,2.909156644830531,2.294131271088985,2.484228503168596,2.156921643637804,1.6106840512411256,2.355183052231639,1.684473603465289,1.644116435312217,1.6889088162251784,2.133863237075938,2.159097096689976,1.728160716809385,2.420975634722625,1.648389007504897,2.260470962351549,1.928135665201189,1.5287272286334868,1.9241562506557184,2.014543546633117,2.1464255732779023,2.2235765742064424,2.4036312584921093,2.532953150996533,1.9248866240425528,1.5326568568474754,1.9981476557453892,2.3105400100147246,1.7815636013566405,2.331403368778365,2.2399887997623527,1.3182245033851163,2.15851333079333,2.569338048960342,2.915225945697643,1.1675082756356634,2.107911150145356,1.579558632566424,1.7456787922090795,1.57811367383063,1.9591278283262856,1.4538731782039405,1.102371658289908,2.146642868242438,2.5062469750010337,2.1244417213375915,1.2591655073661636,1.905838881645252,3.242170519760428,1.7017895915200416,1.4770348272781404,2.5696765126443544,2.1119918223225893,2.7353956206518006,1.4830185532769482,2.1789717060314286,1.535063563796956,1.399108832063232,1.5746397512055448,2.162772139584571,1.622439791164455,1.7423146462256525,3.396035425806816,1.9222742627149303,2.776560331025058,2.077711672033064,2.0286302263534526,1.9997584457416908,1.8061509055280769,1.7433391390783184,1.8148124496467355,1.8803221795379232,1.7408036294949372,1.423006787965746,2.275235429317016,1.9041170221937749,2.087406726180708,2.1288890818768027,1.8290274226636196,2.346600697004253,2.3774472881726627,1.921209681814827,1.2686675344451714,1.7079222799396332,2.3116453463384143,1.4954803302342754,1.406382420180306,0.3715309889181175,1.5097775713855357,2.1598537935908886,1.5707716312891868,1.736752453402881,2.264201632419086,1.6777912418270708,2.0946320040605286,2.4935402001090945,1.9679718811912927,2.105837891633718,1.9889233738042853,1.7019644334448527,2.321276328349424,1.1853748518069671,2.1010792872008177,1.673991865501101,2.24990468975568,2.847695007390082,1.6426548656105326,2.0211965444008944,1.8864928222534485,1.9663705945315813,1.6221003076115803,2.239312961693112,2.1990046977045297,1.9982608563383728,1.681793827002478,1.7146551788438256,2.1963870079062824,1.574971106030029,3.1739276177540496,1.9438538316798688,1.837876922866796,2.561069533904554,1.507122338683573,1.2764370386475412,1.9657101702593456,2.2831681843709783,1.8324423209517324,1.9741687101721876,1.9930411817303024,2.2565883712700807,2.8097839065738617,2.38469307251882,2.118426969574219,2.2068810049663448,2.0595848960547603,2.572705832131544,1.618511455812652,2.826254060462161,1.80432049903161,1.9288940021402856,1.7393172857530834,1.569960590081266,2.069844395777241,1.7367748358931254,1.9996443341259167,2.40949789701588,2.068948335423996,1.7431366597849327,2.276788229647387,2.218563375555551,2.007244395727728,2.0245454702195342,1.8538458634547328,2.11947573922452,2.231645773849284,2.0761067089660874,1.7608791587247752,2.0754782798710987,1.812111207729674,2.300386053892786,1.4438432650703288,2.1817938654584843,2.675541720851575,2.4941786775542383,1.841620289901031,1.44472021273437,2.582473511037885,2.458795592991031,1.9526236970923787,1.702206536138966,2.2728154301733707,2.2171097529596824,1.1373170959975447,1.6066400330428052,1.999906038650672,2.0696795033968005,1.3432030027670478,2.2219859213898774,1.469198741489035,2.6094178660145944,2.0724254605707717,1.8799650756823127,1.6465432078884568,2.038762810530753,2.793467454241964,1.9924056157079983,1.793471470457875,2.3146481630407387,1.8300646534570544,1.934933061243498,2.551270861949182,1.662670408153526,1.971186280340037,2.070128105651968,2.929137327979623,2.0558783646460306,2.688326804365801,2.1968480365468364,1.5957065129739665,2.026264641744326,1.83468914833866,1.853617426500836,2.522009261393916,2.3890491971081844,1.913972161429684,1.6997909567041396,2.068638553578169,1.9416912553737533,2.3401579973191584,2.182038118648213,1.837455961542039,1.7027790385409751,1.6649139242147155,1.7577491901197346,2.3969700829658183,1.7069766191463396,2.0400811268316046,2.481432976483154,2.7794258356702874,2.303172761029652,1.2737964974801592,1.7539965075241593,2.051658992360017,2.0342698631321348,2.6629027798936478,2.0249568450420927,2.157005427661338,2.583505719258564,1.4361864835276954,1.8575745647798836,2.0398123735596774,1.7507488783941605,2.200593018782767,1.884079164542985,2.096839210896936,2.736263313107849,1.7190510818242,2.096514001372637,1.1320918563832063,2.027738677138615,1.708351806500264,1.490374415588938,2.0596132686828788,2.068478465469481,2.005655040888234,0.9702786084596704,2.070223915399991,2.2795342217157164,2.157714406132989,1.6491645081321782,2.831813182640033,1.856195465876796,1.7580094873047805,2.169702724275606,1.6336751007577273,2.774982999760805,1.2604404538673322,2.229535249084825,2.1851495631902766,1.7914943759342234,1.795958430539408,2.813280198353878,2.059085718285648,1.9665947963488677,2.6422635919902886,1.7950840214488866,1.9995177620780795,2.020894596562022,1.7051337723976938,2.557029694988675,2.300987134172939,1.723560391482334,2.399872934416844,2.047337083361377,2.066504124716399,1.4149506736791042,1.7964288213182968,2.1642710911352228,2.30613220915568,2.226625865373302,1.3377240943086943,2.0677481696590845,2.5801891049261654,1.8001335855927263,2.349249268281228,2.291562488488725,1.7469548167207831,2.056343165410412,1.929670317493464,2.1773316022171567,2.299521786475271,2.7651033733206374,2.469746675948286,2.244330293773764,1.8813132098042091,2.0901819769087497,2.6260475913316954,1.4299992874427043,1.6082720994338269,2.2484574367744825,1.2860068641389804,1.3129957411568074,2.193008509538818,2.103058594689654,2.034346108545016,1.9212900132452615,1.6585231907061213,2.6187485691461045,2.7779642622572807,2.375362350025923,1.7463631146887348,1.97577063774814,1.6693345704492724,2.101762477974945,1.558765516874061,2.08946772493427,2.1720027918751588,1.9016210265716715,2.1749364720864364,2.2244171774982697,1.5605815120591855,1.764304492975551,2.4280760469904306,2.101234812797288,1.9715790810616345,2.138143434408845,2.385286635560198,1.8263311725450864,1.7522755918210802,2.3241189411274368,2.2200085120449007,1.8076563471339029,1.8821733318579923,1.4440550609398592,2.421938218538859,2.169483459521079,2.1115926119712034,2.021071356324462,1.8605915502748676,1.813506243175256,2.1833899219831605,1.7941415727772667,2.495346237723713,1.9674182811473415,2.3697274003648,2.5480601295161085,2.0425655300582792,1.4813281396338218,2.2404093851705245,1.9572235191607228,2.2051725270826226,1.2225454690742246,1.5758529168002888,1.4161460935563328,1.5778314222546372,1.7238856749279197,2.1541293785650173,1.5415721737615216,1.8469034049826687,1.6773667056568322,2.013299850845025,2.2930454981581576,2.2016128894542826,1.7883689983693865,2.1856195514046326,1.6560021771375155,2.68534464602178,2.579447925004436,1.4416550347346972,1.9576054609253024,2.052448630632669,2.2839358068707654,2.1157435134957248,1.97349941782608,1.6663143461889598,1.925317589754057,1.700525386551778,2.0791243801289614,1.5034202593861925,2.262008505018094,2.389810877252094,1.621086279452525,1.634806878723407,1.5894372039080134,1.838697742193212,1.8648545781367112,1.6045933720536305,1.3005785416317377,2.8706391603956742,2.2526422003170827,1.9885369917138005,1.9946361235522496,1.5029813819749749,1.823102976035224,2.264082176032382,1.794195033474553,2.0017188948032545,2.1097934500286235,1.7356139376205624,2.6025796306324525,1.9828601629244609,1.7666750262371904,1.5575425278828825,2.417935410035511,2.148591927989818,2.3061552964563026,1.4667582739405,1.926420714932494,2.046437301674884,2.24062981029303,1.3091665364752618,1.384458562429867,1.6256098948114823,1.9635406222544167,2.0029237769487445,2.1015244178179344,2.514951172100072,2.225378043785832,1.465093528495906,2.267541544341956,2.5440495498221223,1.1932562588469713,1.557575089477906,1.595173717786492,1.6998129853859345,1.677017583648423,2.440595215336037,2.0265492655361808,2.543781480370113,2.569899737059426,2.765098142828779,1.5345055160945569,2.3919685153226204,1.627097851215346,1.773666753819735,2.225657399922415,1.8851245561504788,1.8110791793887997,2.032030465757499,2.6427367934055708,2.793310471694692,1.5501055428256705,1.6850177281325087,2.803075199638447,2.317824216833712,1.744841845305505,1.982485701817685,2.029059544613772,2.0641313747363066,1.611546316822788,2.117984389364928,2.214252179974463,2.02126404934532,2.291749135549732,1.9148137587570129,2.111378550406175,2.7033663553115064,2.26981064172847,2.205347300814813,2.400474386277716,2.7349890738707185,1.7976760000380132,1.4145292020661286,2.0788290561115383,1.564801913758997,1.7244053444996212,2.030522701937317,2.056226546140804,2.365942903610339,2.237331168081777,1.867103548564497,1.657523030982292,2.6437723924920578,,,,,,,5.9,0.0
,,,,,,,,200.0,60.0,1086.0,0.05,0.05,10.0,0.13,,,,,,,,,,,,,,,,0.0,0.0,0.0,0.0,0.0,0.0,0.0,0.0,0.0,0.0,0.0,0.0,0.0,0.0,0.0,0.0,0.0,0.0,0.0,0.0,0.0,0.0,0.0,0.0,0.0,0.0,0.0,0.0,0.0,0.0,0.0,0.0,0.0,0.0,0.0,0.0,0.0,0.0,0.0,0.0,0.0,0.0,0.0,0.0,0.0,0.0,0.0,0.0,0.0,0.0,0.0,0.0,0.0,0.0,0.0,0.0,0.0,0.0,0.0,0.0,0.0,0.0,0.0,0.0,0.0,0.0,0.0,0.0,0.0,0.0,0.0,0.0,0.0,0.0,0.0,0.0,0.0,0.0,0.0,0.0,0.0,0.0,0.0,0.0,0.0,0.0,0.0,0.0,0.0,0.0,0.0,0.0,0.0,0.0,0.0,0.0,0.0,0.0,0.0,0.0,0.0,0.0,0.0,0.0,0.0,0.0,0.0,0.0,0.0,0.0,0.0,0.0,0.0,0.0,0.0,0.0,0.0,0.0,0.0,0.0,0.0,0.0,0.0,0.0,0.0,0.0,0.0,0.0,0.0,0.0,0.0,0.0,0.0,0.0,0.0,0.0,0.0,0.0,0.0,0.0,0.0,0.0,0.0,0.0,0.0,0.0,0.0,0.0,0.0,0.0,0.0,0.0,0.0,0.0,0.0,0.0,0.0,0.0,0.0,0.0,0.0,0.0,0.0,0.0,0.0,0.0,0.0,0.0,0.0,0.0,0.0,0.0,0.0,0.0,0.0,0.0,0.0,0.0,0.0,0.0,0.0,0.0,0.0,0.0,0.0,0.0,0.0,0.0,0.0,0.0,0.0,0.0,0.0,0.0,0.0,0.0,0.0,0.0,0.0,0.0,0.0,0.0,0.0,0.0,0.0,0.0,0.0,0.0,0.0,0.0,0.0,0.0,0.0,0.0,0.0,0.0,0.0,0.0,0.0,0.0,0.0,0.0,0.0,0.0,0.0,0.0,0.0,0.0,0.0,0.0,0.0,0.0,0.0,0.0,0.0,0.0,0.0,0.0,0.0,0.0,0.0,0.0,0.0,0.0,0.0,0.0,0.0,0.0,0.0,0.0,0.0,0.0,0.0,0.0,0.0,0.0,0.0,0.0,0.0,0.0,0.0,0.0,0.0,0.0,0.0,0.0,0.0,0.0,0.0,0.0,0.0,0.0,0.0,0.0,0.0,0.0,0.0,0.0,0.0,0.0,0.0,0.0,0.0,0.0,0.0,0.0,0.0,0.0,0.0,0.0,0.0,0.0,0.0,0.0,0.0,0.0,0.0,0.0,0.0,0.0,0.0,0.0,0.0,0.0,0.0,0.0,0.0,0.0,0.0,0.0,0.0,0.0,0.0,0.0,0.0,0.0,0.0,0.0,0.0,0.0,0.0,0.0,0.0,0.0,0.0,0.0,0.0,0.0,0.0,0.0,0.0,0.0,0.0,0.0,0.0,0.0,0.0,0.0,0.0,0.0,0.0,0.0,0.0,0.0,0.0,0.0,0.0,0.0,0.0,0.0,0.0,0.0,0.0,0.0,0.0,0.0,0.0,0.0,0.0,0.0,0.0,0.0,0.0,0.0,0.0,0.0,0.0,0.0,0.0,0.0,0.0,0.0,0.0,0.0,0.0,0.0,0.0,0.0,0.0,0.0,0.0,0.0,0.0,0.0,0.0,0.0,0.0,0.0,0.0,0.0,0.0,0.0,0.0,0.0,0.0,0.0,0.0,0.0,0.0,0.0,0.0,0.0,0.0,0.0,0.0,0.0,0.0,0.0,0.0,0.0,0.0,0.0,0.0,0.0,0.0,0.0,0.0,0.0,0.0,0.0,0.0,0.0,0.0,0.0,0.0,0.0,0.0,0.0,0.0,0.0,0.0,0.0,0.0,0.0,0.0,0.0,0.0,0.0,0.0,0.0,0.0,0.0,0.0,0.0,0.0,0.0,0.0,0.0,0.0,0.0,0.0,0.0,0.0,0.0,0.0,0.0,0.0,0.0,0.0,0.0,0.0,0.0,0.0,0.0,0.0,0.0,0.0,0.0,0.0,0.0,0.0,0.0,0.0,0.0,0.0,0.0,0.0,0.0,0.0,0.0,0.0,0.0,0.0,0.0,0.0,0.0,0.0,0.0,0.0,0.0,0.0,0.0,0.0,0.0,0.0,0.0,0.0,0.0,0.0,0.0,,,,,,,6.4,0.0
,,,,,,,,200.0,60.0,434.0,0.05,0.05,10.0,0.13,,,,,,,,,,,,,,,,0.0,0.0,0.0,0.0,0.0,0.0,0.0,0.0,0.0,0.0,0.0,0.0,0.0,0.0,0.0,0.0,0.0,0.0,0.0,0.0,0.0,0.0,0.0,0.0,0.0,0.0,0.0,0.0,0.0,0.0,0.0,0.0,0.0,0.0,0.0,0.0,0.0,0.0,0.0,0.0,0.0,0.0,0.0,0.0,0.0,0.0,0.0,0.0,0.0,0.0,0.0,0.0,0.0,0.0,0.0,0.0,0.0,0.0,0.0,0.0,0.0,0.0,0.0,0.0,0.0,0.0,0.0,0.0,0.0,0.0,0.0,0.0,0.0,0.0,0.0,0.0,0.0,0.0,0.0,0.0,0.0,0.0,0.0,0.0,0.0,0.0,0.0,0.0,0.0,0.0,0.0,0.0,0.0,0.0,0.0,0.0,0.0,0.0,0.0,0.0,0.0,0.0,0.0,0.0,0.0,0.0,0.0,0.0,0.0,0.0,0.0,0.0,0.0,0.0,0.0,0.0,0.0,0.0,0.0,0.0,0.0,0.0,0.0,0.0,0.0,0.0,0.0,0.0,0.0,0.0,0.0,0.0,0.0,0.0,0.0,0.0,0.0,0.0,0.0,0.0,0.0,0.0,0.0,0.0,0.0,0.0,0.0,0.0,0.0,0.0,0.0,0.0,0.0,0.0,0.0,0.0,0.0,0.0,0.0,0.0,0.0,0.0,0.0,0.0,0.0,0.0,0.0,0.0,0.0,0.0,0.0,0.0,0.0,0.0,0.0,0.0,0.0,0.0,0.0,0.0,0.0,0.0,0.0,0.0,0.0,0.0,0.0,0.0,0.0,0.0,0.0,0.0,0.0,0.0,0.0,0.0,0.0,0.0,0.0,0.0,0.0,0.0,0.0,0.0,0.0,0.0,0.0,0.0,0.0,0.0,0.0,0.0,0.0,0.0,0.0,0.0,0.0,0.0,0.0,0.0,0.0,0.0,0.0,0.0,0.0,0.0,0.0,0.0,0.0,0.0,0.0,0.0,0.0,0.0,0.0,0.0,0.0,0.0,0.0,0.0,0.0,0.0,0.0,0.0,0.0,0.0,0.0,0.0,0.0,0.0,0.0,0.0,0.0,0.0,0.0,0.0,0.0,0.0,0.0,0.0,0.0,0.0,0.0,0.0,0.0,0.0,0.0,0.0,0.0,0.0,0.0,0.0,0.0,0.0,0.0,0.0,0.0,0.0,0.0,0.0,0.0,0.0,0.0,0.0,0.0,0.0,0.0,0.0,0.0,0.0,0.0,0.0,0.0,0.0,0.0,0.0,0.0,0.0,0.0,0.0,0.0,0.0,0.0,0.0,0.0,0.0,0.0,0.0,0.0,0.0,0.0,0.0,0.0,0.0,0.0,0.0,0.0,0.0,0.0,0.0,0.0,0.0,0.0,0.0,0.0,0.0,0.0,0.0,0.0,0.0,0.0,0.0,0.0,0.0,0.0,0.0,0.0,0.0,0.0,0.0,0.0,0.0,0.0,0.0,0.0,0.0,0.0,0.0,0.0,0.0,0.0,0.0,0.0,0.0,0.0,0.0,0.0,0.0,0.0,0.0,0.0,0.0,0.0,0.0,0.0,0.0,0.0,0.0,0.0,0.0,0.0,0.0,0.0,0.0,0.0,0.0,0.0,0.0,0.0,0.0,0.0,0.0,0.0,0.0,0.0,0.0,0.0,0.0,0.0,0.0,0.0,0.0,0.0,0.0,0.0,0.0,0.0,0.0,0.0,0.0,0.0,0.0,0.0,0.0,0.0,0.0,0.0,0.0,0.0,0.0,0.0,0.0,0.0,0.0,0.0,0.0,0.0,0.0,0.0,0.0,0.0,0.0,0.0,0.0,0.0,0.0,0.0,0.0,0.0,0.0,0.0,0.0,0.0,0.0,0.0,0.0,0.0,0.0,0.0,0.0,0.0,0.0,0.0,0.0,0.0,0.0,0.0,0.0,0.0,0.0,0.0,0.0,0.0,0.0,0.0,0.0,0.0,0.0,0.0,0.0,0.0,0.0,0.0,0.0,0.0,0.0,0.0,0.0,0.0,0.0,0.0,0.0,0.0,0.0,0.0,0.0,0.0,0.0,0.0,0.0,0.0,0.0,0.0,0.0,0.0,0.0,0.0,0.0,0.0,0.0,0.0,0.0,0.0,0.0,0.0,0.0,0.0,0.0,0.0,0.0,,,,,,,6.3,0.0
,,,,,,,,200.0,60.0,323.0,0.05,0.05,10.0,0.13,,,,,,,,,,,,,,,,0.0,0.0,0.0,0.0,0.0,0.0,0.0,0.0,0.0,0.0,0.0,0.0,0.0,0.0,0.0,0.0,0.0,0.0,0.0,0.0,0.0,0.0,0.0,0.0,0.0,0.0,0.0,0.0,0.0,0.0,0.0,0.0,0.0,0.0,0.0,0.0,0.0,0.0,0.0,0.0,0.0,0.0,0.0,0.0,0.0,0.0,0.0,0.0,0.0,0.0,0.0,0.0,0.0,0.0,0.0,0.0,0.0,0.0,0.0,0.0,0.0,0.0,0.0,0.0,0.0,0.0,0.0,0.0,0.0,0.0,0.0,0.0,0.0,0.0,0.0,0.0,0.0,0.0,0.0,0.0,0.0,0.0,0.0,0.0,0.0,0.0,0.0,0.0,0.0,0.0,0.0,0.0,0.0,0.0,0.0,0.0,0.0,0.0,0.0,0.0,0.0,0.0,0.0,0.0,0.0,0.0,0.0,0.0,0.0,0.0,0.0,0.0,0.0,0.0,0.0,0.0,0.0,0.0,0.0,0.0,0.0,0.0,0.0,0.0,0.0,0.0,0.0,0.0,0.0,0.0,0.0,0.0,0.0,0.0,0.0,0.0,0.0,0.0,0.0,0.0,0.0,0.0,0.0,0.0,0.0,0.0,0.0,0.0,0.0,0.0,0.0,0.0,0.0,0.0,0.0,0.0,0.0,0.0,0.0,0.0,0.0,0.0,0.0,0.0,0.0,0.0,0.0,0.0,0.0,0.0,0.0,0.0,0.0,0.0,0.0,0.0,0.0,0.0,0.0,0.0,0.0,0.0,0.0,0.0,0.0,0.0,0.0,0.0,0.0,0.0,0.0,0.0,0.0,0.0,0.0,0.0,0.0,0.0,0.0,0.0,0.0,0.0,0.0,0.0,0.0,0.0,0.0,0.0,0.0,0.0,0.0,0.0,0.0,0.0,0.0,0.0,0.0,0.0,0.0,0.0,0.0,0.0,0.0,0.0,0.0,0.0,0.0,0.0,0.0,0.0,0.0,0.0,0.0,0.0,0.0,0.0,0.0,0.0,0.0,0.0,0.0,0.0,0.0,0.0,0.0,0.0,0.0,0.0,0.0,0.0,0.0,0.0,0.0,0.0,0.0,0.0,0.0,0.0,0.0,0.0,0.0,0.0,0.0,0.0,0.0,0.0,0.0,0.0,0.0,0.0,0.0,0.0,0.0,0.0,0.0,0.0,0.0,0.0,0.0,0.0,0.0,0.0,0.0,0.0,0.0,0.0,0.0,0.0,0.0,0.0,0.0,0.0,0.0,0.0,0.0,0.0,0.0,0.0,0.0,0.0,0.0,0.0,0.0,0.0,0.0,0.0,0.0,0.0,0.0,0.0,0.0,0.0,0.0,0.0,0.0,0.0,0.0,0.0,0.0,0.0,0.0,0.0,0.0,0.0,0.0,0.0,0.0,0.0,0.0,0.0,0.0,0.0,0.0,0.0,0.0,0.0,0.0,0.0,0.0,0.0,0.0,0.0,0.0,0.0,0.0,0.0,0.0,0.0,0.0,0.0,0.0,0.0,0.0,0.0,0.0,0.0,0.0,0.0,0.0,0.0,0.0,0.0,0.0,0.0,0.0,0.0,0.0,0.0,0.0,0.0,0.0,0.0,0.0,0.0,0.0,0.0,0.0,0.0,0.0,0.0,0.0,0.0,0.0,0.0,0.0,0.0,0.0,0.0,0.0,0.0,0.0,0.0,0.0,0.0,0.0,0.0,0.0,0.0,0.0,0.0,0.0,0.0,0.0,0.0,0.0,0.0,0.0,0.0,0.0,0.0,0.0,0.0,0.0,0.0,0.0,0.0,0.0,0.0,0.0,0.0,0.0,0.0,0.0,0.0,0.0,0.0,0.0,0.0,0.0,0.0,0.0,0.0,0.0,0.0,0.0,0.0,0.0,0.0,0.0,0.0,0.0,0.0,0.0,0.0,0.0,0.0,0.0,0.0,0.0,0.0,0.0,0.0,0.0,0.0,0.0,0.0,0.0,0.0,0.0,0.0,0.0,0.0,0.0,0.0,0.0,0.0,0.0,0.0,0.0,0.0,0.0,0.0,0.0,0.0,0.0,0.0,0.0,0.0,0.0,0.0,0.0,0.0,0.0,0.0,0.0,0.0,0.0,0.0,0.0,0.0,0.0,0.0,0.0,0.0,0.0,0.0,0.0,0.0,0.0,0.0,,,,,,,5.5,0.0
,,,,,,,,,,,,,,,,,,,,,,,,,,,,,,0.0,0.0,0.0,0.0,0.0,0.0,0.0,0.0,0.0,0.0,0.0,0.0,0.0,0.0,0.0,0.0,0.0,0.0,0.0,0.0,0.0,0.0,0.0,0.0,0.0,0.0,0.0,0.0,0.0,0.0,0.0,0.0,0.0,0.0,0.0,0.0,0.0,0.0,0.0,0.0,0.0,0.0,0.0,0.0,0.0,0.0,0.0,0.0,0.0,0.0,0.0,0.0,0.0,0.0,0.0,0.0,0.0,0.0,0.0,0.0,0.0,0.0,0.0,0.0,0.0,0.0,0.0,0.0,0.0,0.0,0.0,0.0,0.0,0.0,0.0,0.0,0.0,0.0,0.0,0.0,0.0,0.0,0.0,0.0,0.0,0.0,0.0,0.0,0.0,0.0,0.0,0.0,0.0,0.0,0.0,0.0,0.0,0.0,0.0,0.0,0.0,0.0,0.0,0.0,0.0,0.0,0.0,0.0,0.0,0.0,0.0,0.0,0.0,0.0,0.0,0.0,0.0,0.0,0.0,0.0,0.0,0.0,0.0,0.0,0.0,0.0,0.0,0.0,0.0,0.0,0.0,0.0,0.0,0.0,0.0,0.0,0.0,0.0,0.0,0.0,0.0,0.0,0.0,0.0,0.0,0.0,0.0,0.0,0.0,0.0,0.0,0.0,0.0,0.0,0.0,0.0,0.0,0.0,0.0,0.0,0.0,0.0,0.0,0.0,0.0,0.0,0.0,0.0,0.0,0.0,0.0,0.0,0.0,0.0,0.0,0.0,0.0,0.0,0.0,0.0,0.0,0.0,0.0,0.0,0.0,0.0,0.0,0.0,0.0,0.0,0.0,0.0,0.0,0.0,0.0,0.0,0.0,0.0,0.0,0.0,0.0,0.0,0.0,0.0,0.0,0.0,0.0,0.0,0.0,0.0,0.0,0.0,0.0,0.0,0.0,0.0,0.0,0.0,0.0,0.0,0.0,0.0,0.0,0.0,0.0,0.0,0.0,0.0,0.0,0.0,0.0,0.0,0.0,0.0,0.0,0.0,0.0,0.0,0.0,0.0,0.0,0.0,0.0,0.0,0.0,0.0,0.0,0.0,0.0,0.0,0.0,0.0,0.0,0.0,0.0,0.0,0.0,0.0,0.0,0.0,0.0,0.0,0.0,0.0,0.0,0.0,0.0,0.0,0.0,0.0,0.0,0.0,0.0,0.0,0.0,0.0,0.0,0.0,0.0,0.0,0.0,0.0,0.0,0.0,0.0,0.0,0.0,0.0,0.0,0.0,0.0,0.0,0.0,0.0,0.0,0.0,0.0,0.0,0.0,0.0,0.0,0.0,0.0,0.0,0.0,0.0,0.0,0.0,0.0,0.0,0.0,0.0,0.0,0.0,0.0,0.0,0.0,0.0,0.0,0.0,0.0,0.0,0.0,0.0,0.0,0.0,0.0,0.0,0.0,0.0,0.0,0.0,0.0,0.0,0.0,0.0,0.0,0.0,0.0,0.0,0.0,0.0,0.0,0.0,0.0,0.0,0.0,0.0,0.0,0.0,0.0,0.0,0.0,0.0,0.0,0.0,0.0,0.0,0.0,0.0,0.0,0.0,0.0,0.0,0.0,0.0,0.0,0.0,0.0,0.0,0.0,0.0,0.0,0.0,0.0,0.0,0.0,0.0,0.0,0.0,0.0,0.0,0.0,0.0,0.0,0.0,0.0,0.0,0.0,0.0,0.0,0.0,0.0,0.0,0.0,0.0,0.0,0.0,0.0,0.0,0.0,0.0,0.0,0.0,0.0,0.0,0.0,0.0,0.0,0.0,0.0,0.0,0.0,0.0,0.0,0.0,0.0,0.0,0.0,0.0,0.0,0.0,0.0,0.0,0.0,0.0,0.0,0.0,0.0,0.0,0.0,0.0,0.0,0.0,0.0,0.0,0.0,0.0,0.0,0.0,0.0,0.0,0.0,0.0,0.0,0.0,0.0,0.0,0.0,0.0,0.0,0.0,0.0,0.0,0.0,0.0,0.0,0.0,0.0,0.0,0.0,0.0,0.0,0.0,0.0,0.0,0.0,0.0,0.0,0.0,0.0,0.0,0.0,0.0,0.0,0.0,0.0,0.0,0.0,0.0,0.0,0.0,0.0,0.0,0.0,0.0,0.0,0.0,0.0,0.0,0.0,0.0,0.0,0.0,0.0,0.0,0.0,0.0,0.0,0.0,,,,,,,4.5,0.0
,,,,,,,,,,,,,,,,,,,,,,,,,,,,,,1.5890763165651172,1.931413349603614,1.827308719795376,0.9478442208564176,0.5555885934175387,1.6739438643771725,0.820987297269942,0.4742609460684354,1.1139333272265235,0.5288617761414098,0.9800781639559982,0.91981068565565,2.57354646127564,0.6650320451082785,1.6287922595967328,0.9672020973963724,2.4772260074864665,1.383431485840275,1.0157145405714847,1.3769091818641233,1.0693301809172917,0.163889972011182,0.8985629133381272,1.190017811056612,1.7081260609975244,0.0,1.2780577445473271,1.4970839279869037,0.1474327211810349,1.36523853618986,1.0183950263943318,1.1527864634836176,0.0,1.537759617535525,1.2381743012393025,1.3696574727556896,0.9326452242261996,0.6946615660794917,0.226141805881332,1.303518012546848,0.0,1.1803496749056206,0.6621294563531817,0.6806835976233394,1.265268605308892,1.229753435235584,0.983304261646872,2.0860260281008856,0.1449297922519591,0.2814728472773635,0.4359224671476112,1.2886829255764436,0.0,0.9900438211305352,0.0,1.0172497106620988,0.8746350889475134,1.1626810520941655,0.6528633242427929,0.8662183396879757,0.4145826140295371,0.705914755758746,2.5987409044024323,0.0,1.4339684599124365,2.310787508469001,1.355756618963741,0.3499559734925165,1.6040592607041633,0.5706299925151587,0.8413454092836756,1.2170923278090786,0.8533439906145912,0.978154186946749,0.1423153002464254,0.0,1.153560795802168,1.0613752144273665,0.0,1.2384093849559026,0.0844460794190898,1.1938517137655382,0.3864110152543433,0.6198849338286381,1.9240673068942944,0.1765615709995657,1.1080051115043807,1.3375546147822743,1.457932192511889,1.2357147788844256,2.3870277491581664,1.3101187467117967,0.1526620292598489,0.6063505080230878,2.054701462537641,1.2661379141482103,1.4201191703481215,0.7694666213904617,0.5595442351359146,0.7575805095655468,0.8316175072727283,2.7373605102933283,0.6475920110836512,1.3137621274188345,0.8074697961980861,1.0324122431082463,1.030908214266559,1.2947968500687972,0.8762566451319693,2.519529865033012,0.0,0.6713227871904257,0.0,1.074758852430748,1.5110709937464035,0.3930648089525158,1.9922808099315263,0.9888603808784888,0.6487569114094439,0.4386081452645547,1.884342822302128,1.2894581129527791,0.9351668220593864,0.8850756325295545,1.632205462161295,0.0,1.040832063652119,0.0525958791357749,0.8911245879926899,1.122735246508134,1.479296586326989,0.4852944887261784,0.9550563250459012,1.7456891936588754,1.5179791691579378,0.2640435141736436,0.7513759080509492,1.52633152996537,0.9064473005874882,0.3120206164956323,0.0,1.5622557440577065,1.4597223100037415,0.8479373463982824,0.2056007167145156,0.0,0.979192146189447,1.3350720170009531,1.8041800614326409,0.5962075373845209,1.4281685577366603,1.1428363033346534,2.6775281482621214,1.9666369322408463,1.1090113197820712,0.8115842612161206,0.0,2.2289221831635286,0.1411798813261728,0.973914497378913,1.6466672072899344,1.3201255036194584,0.3517607293591183,1.1183786644346034,1.1831381712212106,2.854675565473348,0.1455342806868987,1.18906718990654,1.3386333485472115,1.7573625735379903,1.914880097950881,1.805673081030121,2.320893881123745,0.9416522315671668,0.4824379214200424,1.4471541725308068,2.6104439208932293,0.3418537605207705,1.66744809781321,1.6224669989962346,2.737497541691313,1.033553936825485,0.0,2.306725007068356,1.0703611307872332,1.077027787140933,1.358552803849958,0.6191634783785782,2.0345574889498783,0.0,0.929857654979382,0.0,1.8320453866047333,0.6581935179447902,1.4892967042493566,1.096130550671183,0.6974345055406292,0.1424811355517591,1.7150871592568864,1.5687641071255418,0.5757741053882253,0.8173760405849535,0.3168065668968911,0.5919451015443694,0.4926745800720334,1.8365346934208129,0.7767744144655551,1.7388962690065857,2.9736043393366263,0.0894107239692898,0.2136169947023949,0.1421138615755428,0.8325873774326671,0.0,0.0,1.5788105431907709,1.865461858771733,0.6217466464569824,0.2436604671012027,1.3123868550777265,0.0,0.1957155487956445,2.13715151851814,0.0,1.746103204502303,0.3451723153658947,0.5099089632963378,0.5827810672233813,1.4950819661474126,0.2999533129129059,0.0,0.1424450416743374,0.8880742400702692,1.5336375535986173,1.365249189422349,0.1849495887896323,0.8702635284862914,0.0,0.8312247439343745,2.1231319497406407,0.0868048411239831,0.9218573050026831,1.3136782769414832,1.5171406691368168,0.6987802755621753,1.375444568086079,1.691498868355434,1.3976970899116146,1.0732858408506396,1.4941007919481095,1.333523738157254,2.294943652073061,2.1299560154142645,1.4102551679598787,0.3160607049759648,0.0,0.0,0.0,0.3225606137512002,1.0861429059535592,1.139360669561572,1.039289007724687,0.9635578207183544,0.6121711412102011,0.0481130714562633,0.8075607755321899,0.0,1.4005972102507158,1.445532159418176,2.0080962603409542,1.1474811339486426,1.720280564943214,0.9013897781303832,2.384057914456825,0.6579524047057315,1.3432071187669132,0.9408995014584488,2.0031323747701064,0.7888871992054594,1.9985052870774476,1.0548226614335303,2.1942564547670096,1.415354498908859,2.1720892148376625,1.4138734370035,1.0014577203862156,0.204536267563565,0.7419311846956339,2.061856508168825,0.0,0.0884362326297046,1.4622005768903898,1.4324047438846677,1.4123004439592282,1.4073060490258975,1.6711111199674,1.755326281430343,0.8943094392119159,1.681539628642451,2.173160078405851,2.2206743108255056,0.1260348709206327,0.0907244403689838,0.6110777340759461,0.0273575317816291,1.2553465318907395,0.9830655695551118,0.7493675962122022,1.2521731809647276,0.7920318182958483,1.3337567419083018,1.2297560609721925,0.0,1.7702407235142958,1.541634485323424,0.3178990365178691,0.0,0.4798402090919076,1.0211799894614697,0.0932017966171651,0.6720349910271552,0.4014033819772904,2.849616832286177,2.107476491098826,0.0585210738679724,0.7277648149504553,0.4561786887480505,3.121374724444263,1.4080897632372864,1.9102115902636168,0.0,1.7521861112372532,0.0,1.146759685188875,1.768411889589875,1.297791204277285,0.0,1.5048582167387123,0.0398132290591681,0.3881604493462817,0.3139551384979968,0.7077947231426358,0.5054687185257682,1.6011992625575515,1.8400112613950483,0.2498202172383355,0.1046885091783725,0.087106203399583,1.636318076284545,1.122350259659259,0.1039540107660604,0.0,1.8059286423446543,0.852352760688828,1.6009304098790471,0.3855879586406658,0.4802981570826318,1.4089116220950515,0.531635955348748,1.3066447213580243,0.0,0.0737659675834224,0.6389884753298378,0.5343085244029835,1.023169449604492,1.694295887700864,1.1699731290321047,2.455792874333849,1.7980030061569403,0.3517087086988122,0.7602801877911903,1.3912754768560585,0.7810164232363361,1.5430666694070496,0.4613219099514102,0.0,0.5844128649297506,1.2743452551587364,0.6752246664201936,0.1726971258899594,0.0216957965335384,2.199047159385024,0.8811650321212514,1.6777854219385389,0.3397056048180149,0.5791570718789095,0.6644512775867597,2.3179883808821087,1.0438163766722346,0.9310895753092604,1.7213078871619176,1.84652312362276,0.0,0.4999953543976095,0.6329097829752837,0.0,0.4520312809744261,0.0,0.0,2.4774597106264675,1.4216585231970589,1.3102269783418292,1.3787015760171395,0.0462904439002618,0.7273216279415033,1.3457144719363467,2.3310051205204365,1.399708926659003,0.7586204556187928,0.8221051642320496,1.0301985764833512,1.92558361144917,1.3794085838139902,1.3769028614725831,1.1646547157900702,1.1060108376718802,1.1318334752734596,0.0,2.329571169588188,0.2909639565459537,0.9600737276114244,0.8473609423477446,1.3624086163734406,1.9997228534076847,1.794156626812972,0.7330603950061401,1.109246461873144,0.924713394300728,1.2429486357123245,0.4085658580480555,0.9466625923859044,0.4959956359043926,1.1199725357606167,1.052828072986434,1.2148759409118304,1.072340338612795,0.0,1.6139690005573342,1.0439441426424856,1.880051443770037,0.584572555092234,1.682302190184538,0.7282954739666208,1.1633116819740694,0.4209392111189759,1.109535229941213,0.8921145493115191,0.5033778154839554,1.37617582251015,1.5807895745985234,1.0436036372626152,2.619948947034004,1.7157366810576025,0.0652172591289181,1.2052475897251749,1.7263604746663843,0.3022664975946396,0.821468668106458,0.4767636274566511,1.334441536169441,0.0,2.931223579825752,1.072103690937124,1.7003156670544697,0.3208309523339185,1.5313384204667218,0.85338501723738,0.3241847780823055,0.5727545621105664,0.5549370074904563,0.0,0.3144072050513362,1.4146540529591087,0.7423370950141324,1.4915718014164825,0.5514299090631465,1.5262745472874966,0.5634479092260323,0.8144823285696355,1.2821551340727526,0.2927199844474133,0.8300388749435119,1.765489307796126,0.0,0.3411493843498783,0.7297458728907109,0.0,1.0733922415660475,0.3481977097133951,1.4684050602840562,1.355863640460616,1.6718615080158976,0.1336347365319139,1.0299874435000134,0.4301430017912098,0.1646894154666601,0.4426488651791542,1.751343020567315,0.9531634325215288,1.6991222066941778,,,,,,,4.8,0.0
,,,,,,,,,,,,,,,,,,,,,,,,,,,,,,6.004380487304897,7.667448471093297,6.247006021015904,3.631328825733165,2.7168075912881067,6.349007283776349,2.946788260085875,2.194687750368205,4.080353970252165,2.863449259445174,3.5789157893256647,3.600498520856746,8.837603700298722,3.284700938814598,6.369815308495971,4.048032775381413,8.798414831654462,6.183421369134512,4.629060961621884,5.766213479100552,3.7820143119143927,1.4378038660814796,4.22171862626174,4.486028927152146,6.765348325453884,0.0,5.089845217744896,4.889402906221376,1.1087189928631571,5.083102240254847,3.304818974959125,4.310306425007321,0.0,4.832637862186215,5.115058517712603,5.237328157128385,3.635967219984879,3.8343216225685,1.460266165636249,4.807123155812354,0.2610284642889313,4.916170140545,2.4471678817064357,3.949211354735669,5.251612988880877,4.420573827936567,3.755903911369141,7.650411565201941,1.5692495178720267,1.1766575725143276,2.525996806823446,4.971713523402471,0.0,2.9670643955783493,0.8560008072916636,3.824398540171397,2.8849485786021245,4.281996193674595,2.88821857926955,2.8093487141156586,1.7468410091827802,2.437333285236021,9.055223924757485,0.0,5.215981605616992,7.920790423090722,5.257407275056658,1.882602011070464,5.860433075619524,2.8336835451223297,3.156040184971343,4.300902617219473,3.552242004498072,4.17429225478083,0.8359367186119795,0.9281567220600512,4.797017719079333,3.872492796233429,0.7522685630284291,4.416561585241816,1.0735928507360653,4.254221999671866,2.3968715140483097,2.5209650282201896,6.830536638181769,0.9163994527070964,4.158665023528666,5.532313907750753,5.315764356187463,4.492415166344919,8.160552452672572,5.219183374472703,0.6717913601345815,2.3474492180384354,6.764917914897303,4.198843318159673,5.530672659394296,3.3273716179933164,2.840588356564412,2.618223305179948,4.004523169876033,8.983223034737465,2.754603064748239,5.498563380528061,3.3083071620150117,3.793675317965885,3.902825039479656,3.698605548278947,3.331277380581921,8.265691684797451,0.0909252386160841,2.7936918558698167,0.0,4.597683854981031,5.450460006753516,2.974852081021389,7.181459144783124,5.156301257892765,2.5857208937374425,1.631683987555781,6.595846932839095,5.300497925540022,4.634956531658096,4.472916649983919,5.065491510650357,0.0,3.2058767692719767,0.3853621850912718,4.765254036793541,3.456571989481484,5.719987231851726,2.798599808827026,3.938695616214376,6.670630167763658,5.672098442784635,1.490444991249471,3.3035722326758616,5.639808312650335,3.881999154069496,2.3212203537104825,0.0,5.409971374357788,5.32484726156251,3.9799495603716464,1.4855065973443122,0.6326251615508269,3.5013471135227165,5.270880488361724,6.797080487797535,3.230888573169456,5.788034047757436,4.291941089832549,8.835297219622504,6.858099420625832,3.942683566313775,3.284716834962906,0.0,8.445435582932337,1.2471017028864448,3.722499005458906,6.030740410464693,4.547594098877392,2.058467978785257,4.232894639047148,4.869395034756824,10.005534004151984,1.234184294890344,4.821594527557867,4.693562172663329,6.181346991950832,7.0449144789442375,6.783087297699295,8.319693256339413,3.909064578326791,1.8083174184709527,5.229077551084633,8.62232679601455,1.6527436069333734,5.962835704279781,6.036839550876289,9.865029731469438,3.84607194343188,0.4573630492197549,7.879127044925331,4.72563409803692,4.058604414992168,4.806715614742611,2.627595563573678,7.095611334228627,0.3805131348538455,4.093032604986558,0.0,7.395458305548422,2.9819157630630966,6.009371619476918,5.265934967989752,3.119768675195926,1.394057950821236,6.056757008395788,5.141608920343143,2.7356239973009684,3.159960986643176,2.341676249443478,2.388039773267864,2.6539801488913257,6.539985350310356,3.574422305842308,6.243512676676142,10.443593969987145,1.029154736500022,0.7230032686162633,1.2895768273038066,3.593329010738013,0.0,0.3293956294120925,5.712717029569865,6.751104635532409,2.4673521143963324,1.0532706415280924,4.979414788740788,0.0,1.4329279500467105,7.948897425902644,0.255898485012588,6.572173914085809,2.3908349591527656,1.9150736361875271,2.2360623344780164,5.968682450954698,2.1501065886768176,0.0,1.34426351463155,3.2981296919752,5.772845167228223,4.67452225834519,1.9211543058180087,3.5941525705648028,0.2354244036616513,3.514313874347286,7.556145177024433,1.6669787381937595,4.531686850998012,4.555256789383676,5.294754254484968,3.610866693365584,5.072014160366504,6.053731534995015,5.005856815634221,4.339582419924231,5.92416790095327,4.953542661591348,7.883338916046855,7.614236970158303,5.72555874684411,1.395800497327183,0.0,0.1960681277883438,0.845974641428151,2.047188375784512,4.292947802438132,4.376880175198091,4.087763736636343,4.089189143255954,2.3088588077075256,0.5399274250118506,3.34810947126988,0.0,5.321745794919243,5.4680472143339145,7.014841017676344,4.322030891851314,5.346902119106743,3.463424104771585,7.961354649706307,2.592999595459712,5.071602682515179,3.7895993152092826,6.774064963736851,3.765537800687983,7.680864179506219,4.737207710007912,8.677249443612107,5.445879254613415,7.199997633800211,5.993690612628676,3.8957696252672736,1.3372041866979,3.3936980689074066,7.839618229970072,0.5014793465908061,0.7822457254897026,5.072465097549607,5.304835290273292,5.82108573195154,5.006584600633116,6.40760881287502,6.313037540570597,3.138717632916376,5.954565531586235,7.768005802148487,7.879229232699725,1.27009751919176,1.3527234620699846,3.126935067560063,0.1728119135814561,3.950788526604812,3.7280566977893943,3.1215984580767198,4.473080004503746,3.2818881586510864,5.191015064484846,4.163121691611281,0.0,6.149469516299871,5.838189803004752,2.0562506107058582,0.0,2.110086808776443,4.521702191523602,2.1722939120036213,2.874881124350434,1.510843220484971,10.487896936444384,7.266229752628506,1.184835979522009,2.905771110298448,2.596523932167958,11.345683657197917,6.124823243533855,7.133144659263522,0.5060809735275611,5.931932353958704,0.0,4.554501640961645,6.230001237172361,5.172755697547951,0.0,5.122486722969889,0.8847663567192288,2.103945394013569,1.998100289049616,2.5371572261601254,2.076660623078564,6.397924906181251,6.033284942486325,1.0009903175238413,1.4497739089977175,1.3833384377182425,6.190510088789243,3.466104849994914,1.4908446657459151,0.1625974124925102,6.1766855444668085,3.2789684019959653,6.065307135415544,1.7879810127628537,1.6794933887241714,4.311593174360553,2.1537806061909235,4.796631372234181,0.4408102169595587,1.1238162885089444,2.979353997967081,2.365463876218506,3.9381082435330175,5.457822295168224,4.604914326453756,8.930233405645101,6.220671765384008,1.472558992299034,2.8146174881826607,5.180368495172495,2.864511745989964,6.037903493674657,2.244908328781249,0.0,2.496484884623252,4.552230691134409,2.010982752040671,1.4484521767456573,0.3017149297062445,7.393082292398221,3.450615105271639,6.26703773324855,2.125275225858044,2.7131088843476387,3.453869372212486,8.50971123846157,4.219677306125169,4.487714911609068,5.834451501833165,6.996377959814302,0.4697203989154745,2.703085942727994,3.2933820231640705,0.305692304158045,2.1178317834488736,0.0,0.0,8.833224440044406,5.724630464309817,5.184893470825707,5.671088443570586,1.2575731613963534,2.7651870462668984,5.519026830232479,8.645085763902161,5.360087304346129,2.5209638925515145,2.930360203785212,4.532666279039796,6.874860867988459,5.254023053384911,5.108678999216012,4.150953267275818,4.538458417570518,5.1134805196781805,0.0062740819838285,7.872995608342105,1.9514147619546305,3.421125612790849,3.2870627826694085,6.411367098742655,6.861038909231501,6.880175986816734,3.013150545987843,4.237409565396475,3.362134842266564,4.520605393524829,2.472782146378528,4.1048675118157805,2.3864645815133048,5.050708928643426,3.654724502327962,3.9688808667244393,4.281382059665768,0.6928657952593906,6.293792112472835,4.43239600097651,6.876119003186991,3.1520178664794964,6.138274048855668,4.15665664946515,4.5283762521913165,2.8305709819965035,3.656391004234621,3.635530697712407,3.019025079822434,4.926938400422583,5.967430484529994,4.259492617819606,8.851503394709031,6.892655474053438,0.9429642764451004,5.047125294310078,6.770589257639832,1.7437587332462663,4.185263204165872,1.7084624362413976,5.15817639703082,0.0,9.564190457227385,3.836247033871168,6.562771709100124,1.907185852480308,5.673892759380991,3.2827201753113737,2.035726427421528,2.8094861057378213,2.8043904324098627,0.0,2.4868958199278643,5.209387121093476,2.8226585767654373,5.467841291774941,2.047584094378767,5.63603715545371,2.771259768842457,3.4416678251564896,4.80965370605386,1.550695802641891,2.708587451654828,6.686038331419337,0.0,1.9917110940037888,3.1392810123717947,0.0,3.989903655537699,2.283300451066684,4.835482980440902,5.819013124901529,6.14969423658678,1.8285351299136916,4.340411220012872,2.306713598652676,0.9237019984371178,2.3747736934227355,5.835068638973587,3.8832905914266576,5.691263601242065,,,,,,,6.1,0.0
,,,,,,,,,,,,,,,,,,,,,,,,,,,,,,14.80092939268755,16.574323733356763,14.599024474583086,9.670508075268526,8.045236254807866,14.38561448043388,7.28219522408081,6.764430729027058,9.03024281660085,6.911732999856364,8.26137689848586,7.704678872281665,20.07641079444521,8.646363418846853,14.277103735888325,8.810052911971251,18.81837823778024,15.373983222120636,10.53780913795871,12.668993236778284,10.54688908538582,5.836615517664533,10.886586109743522,13.814375168558133,16.221175998677072,1.2908616558882813,12.071046499096262,11.887575975940392,5.030953167423747,14.993521974661109,8.826338011490822,9.251737315021872,0.0,10.342947838229808,13.451307369709976,14.879540260222754,10.40397312435102,10.31881485579019,4.155974713481067,12.349876637804334,3.71346174674967,12.906506729663398,6.701191932254669,10.568337706976308,13.106896233117858,12.145155285404163,8.019308712464296,16.56342988403896,6.96359342082917,4.147139745732844,6.713927673757134,11.863920584165786,0.3428323549421752,8.591419974424221,5.123118963337595,11.160073221560724,7.626037430623496,10.160080863176086,8.216716544035387,7.22455291590097,4.319008459784167,6.388361452189258,20.429393625438696,0.0,10.137470873521265,20.389492138945894,13.26279912572958,4.421701059940494,14.21414610995625,7.476353876058155,9.420342370993271,11.483649757702723,9.68069710798099,9.188806996881151,4.244230346252282,4.619614064481292,12.062986670952636,9.363314427668485,5.064816437882036,11.354837662591525,2.879609714506949,10.2467213778055,5.523846055898321,6.981636120455947,15.835008826771366,3.375365667988428,11.397598261614847,11.756534161052237,12.972735732231545,12.724214214704212,16.66698943451597,12.844357706506226,4.45352084089153,6.140916691305357,15.775347298754395,9.62802833557194,14.524910878272156,6.848188223983373,6.012229821253933,8.041425073401658,8.17461297097488,19.53863316942924,7.619807424072629,15.852502437170816,8.520108924250465,10.607440228467414,10.455367615257076,7.763487252066552,8.773354870413796,16.746084737837133,3.01569246088802,8.840801420516328,0.0,11.037861625970088,11.508657612485768,10.08767955431204,16.00549893900988,13.99283826358225,6.374972209599595,6.800724228830157,14.767072502906304,12.681584168675776,12.11186485413666,10.749667975193692,13.714483620027424,0.0,7.7721829660295025,2.067347617666658,12.596236173362865,8.763981922904616,14.92030602377806,7.405091056616367,10.401758072393047,14.621285307610794,11.42270325656012,3.595855700048761,8.73742146058306,13.649362001985752,9.771780023020916,7.346120449870195,0.0,11.057955674210248,13.65382365650197,9.355751895079662,4.088678697065955,2.6757280971947672,7.916506984876847,11.94243754717091,16.185028191142685,8.78617825303455,13.833712359453187,9.5583674182048,21.620062038243503,16.76787673633109,10.668989037531713,7.434118630022071,2.5050020954269736,17.55856004786316,4.4158778495700926,8.514892004236907,13.693403223515762,9.662139552087163,4.830804756279847,11.11833932576231,12.751110235044312,20.715776301589525,4.509436549798462,12.512758721550314,10.591770577947967,15.569275137610642,16.208716443648562,17.383954895317757,19.1773526209295,10.946820450766944,6.445051715900831,13.12605859331372,19.395560735741288,5.374828080810045,11.789967857390424,14.995001175629374,22.2147548611185,8.406316131492753,2.956811998865189,18.88521806276078,11.190539707948997,10.802322773267994,11.60918865926196,9.358999795393094,14.934790399511702,1.692701449291102,9.880848318831475,0.0,15.411970428801997,6.884158671193948,14.813182876807094,14.231363259625834,9.705186409161374,3.148404038672161,12.948510579892773,12.235240574278585,6.738234227530628,8.20531421632722,7.714473148343423,6.137481597811522,6.1132412374619785,17.504490647994775,9.984958042512076,13.341317841525548,23.814914140398752,6.09880879243593,3.2810796192542435,4.128345037603458,9.375525521732534,0.0,1.9412289628892945,13.720213670460073,14.212097496943006,8.045105598308025,2.345846173665376,13.285869320042424,0.4817126483403111,3.1149733808749147,18.415921307606716,0.0,15.262185080814092,5.8946202543713895,7.262037478989974,6.153098688325863,13.511710210596709,4.327943825320939,0.0574109755818108,5.9212498526924096,8.496930783342254,13.98698764913033,11.5094434820548,6.805594744332329,9.78861186039126,3.2463206155701663,8.82174998949148,17.12712055827855,5.729482769635728,11.21478375168948,9.759102298645422,13.61900893160042,8.392350016862151,12.429637739880269,11.989999872724194,12.486468349900798,13.113997569610794,13.3267003926752,11.420873485495797,15.3933955109479,16.822183462148523,13.484096827778846,4.702611786601924,0.0,0.5823128049077964,6.06128666640259,6.5208796898582815,10.856086420303264,10.434385129973382,11.148141306919154,9.665431364306304,5.233640466875352,3.3119779550989548,7.615631870830604,0.0,12.690155295144212,12.98381644947492,17.372712866191222,9.5291507409464,11.46853315114636,8.212293613089972,16.62904910649375,8.026575818270603,10.998373120082451,9.583569456845051,13.621908250507888,7.593146095896962,17.40770506435937,12.021397199190885,19.41615020192905,13.012100737265976,15.820792887099902,14.878497142616336,8.91923656748038,3.761727904660648,11.12822096040318,18.29280978391629,2.6463188579010555,3.194433320707871,13.070522187320108,13.822936353579546,14.027967050742063,10.94080006215196,14.999273925471108,13.954320803181128,8.48283007874818,15.451309806267396,17.56555919681248,18.93561094462152,4.13559993993397,2.9743194321405437,9.039891732064252,1.4325603511842266,10.81905960408005,9.553034079592184,8.34575171351582,12.126456050412273,7.384793121987369,10.223006811088275,9.920528331748557,0.0,13.27422683407784,13.49070725485872,6.18623504423079,0.0,6.798835123488944,10.23068415208288,8.17292019850417,8.307334446390177,4.152027681994443,22.934038139852355,16.21089399039034,5.636754245480342,7.807287950671919,5.740832588814101,25.56613143302539,14.374005850491168,17.97323703782422,2.192420266191794,11.63925264584027,1.2644821870968936,11.163478513084794,14.673329787831452,13.253729809151238,0.0,10.618954230599266,3.067441161720199,7.337789789081462,6.584139011181664,5.890014551949464,6.862195576399452,14.461587732740524,12.899857361829854,3.858224215852616,3.5552921738753573,4.112472315494092,15.422961765685724,6.9583920980533165,4.038406967694455,4.268315256224476,12.801693427076795,8.365090214402867,14.419176101625194,6.089313359925748,5.06800826078501,8.513385287680755,4.537019984377027,11.013897207121085,4.740190910081827,5.370362006846644,6.940846378982394,6.945083555717311,10.219299063619037,12.371700780000369,11.025544427902684,19.2353621526011,15.925734222727757,4.595033277131204,7.558949429742968,13.915514808652972,7.1456664730735735,12.581987501828197,6.7155653741283885,2.458193931439896,6.786952568229637,11.418436325279105,5.687529120165522,5.141561323294176,0.4562554802523377,16.606421975104446,9.107378461058666,14.142049977975216,6.500624689784333,6.813264246717767,7.985295076593022,19.617109059644168,10.710618542242935,10.93270688269323,12.635131526684509,14.540549425434314,1.9923296309213223,7.797783125833515,9.97173423469462,2.8042765022067497,5.354385890465649,2.433533875092536,0.0,18.20004652817712,12.76568147272398,10.32182955467205,15.297736470179055,5.868862833459342,7.005802454618583,12.882556886475465,18.491406470260408,13.407117011607442,6.479033589194398,7.300091624105436,11.468743350932534,14.23334162686469,12.505204001322332,11.937788499602233,10.66730635800283,11.85614802992205,10.685972067611251,1.38655089333243,17.460150357340797,6.668905307413375,9.45893366109162,10.308931311962128,15.375620572377198,16.48537421836639,16.59195183745069,6.697450923597978,11.563878896749884,7.452135426639693,12.922702881737692,6.542269161904249,11.770965421646656,8.44037482487176,12.809877216956624,7.987981937515816,8.396830021619898,9.928239520669104,2.9229681167733776,14.825553970948466,11.817444401097104,16.031111132126163,9.34708846796646,15.32174573618283,10.203394968978651,10.971243496951974,9.111401881792178,11.42201662998475,7.362224385593445,9.015945820462738,11.672061039895386,13.599675433917822,10.86135254170386,21.067129590787594,16.7335298061614,4.622841484584722,11.848203856189908,15.527828297646384,5.795433765758656,9.668367126952733,4.049265482930915,14.041021374783934,0.0,20.240307357187053,7.707516719297636,14.033723854841224,5.975890369945747,11.75536770422793,9.327951331007382,6.307815704194757,7.586230662853764,8.544605144158101,0.0,7.5854695020665,12.1484993772637,5.606347609476037,14.979751005340374,5.042965137772799,12.442087240971064,9.885674983100737,9.921167017722327,11.357087936933896,4.632030980886983,7.619349954466274,17.56680377793575,0.491595715581441,5.879238573877226,7.728558958576067,0.1193503198237011,8.368529644914505,6.629961140699844,13.541150336492777,14.996143178781738,15.456755993556383,6.464153074812899,10.19720401485589,7.350245696803688,2.5356004521838327,6.921741142926905,13.933256408133218,11.00181829881551,15.464664790983884,,,,,,,6.3,0.0
,,,,,,,,,,,,,,,,,,,,,,,,,,,,,,26.71602936279412,24.68328823089824,24.878852112777984,15.907256549758053,16.947947792748117,26.07650707437395,12.97508067920976,14.769228261900809,16.2061398821886,11.346876373448024,17.90053380657026,10.625440586620703,32.40922107259847,15.379815047667336,26.444249441485677,14.34768052494956,34.817845432210795,24.91332629465545,18.768876790100112,18.88076634959553,16.717330520929075,15.356458806052142,22.838089084895724,25.15502136657559,25.384163303181463,4.435641209509678,21.30940046537689,21.537543349491862,9.006279814230293,27.477408575320144,17.51850241844453,20.398777507832527,3.246714853956321,17.06393987527421,22.001898840455507,25.64682622151917,19.60236919300537,18.611426520583965,11.95967838452778,22.91428738207061,12.24448131519755,25.65894599162645,13.11425877693434,22.77515201262053,19.626140008679844,20.56929401049499,13.783923630806214,26.26265661844917,18.22451295039162,10.215429130162722,11.829232096736522,20.59339992702636,6.644632906202304,16.13338850595684,10.670518461021183,21.38103385885236,12.805925291919475,16.183051867658705,15.42869476256109,11.878100937573963,11.111799688919746,14.337462988682784,31.35046385628327,0.1926736132889672,18.893379173682487,33.697927948375614,23.298281767065127,11.584501854501582,24.22020316758037,12.169476064525078,17.146828744026223,20.951923981531262,16.924651786061734,15.003838370601592,10.315412779932238,9.011608543531809,21.28884657407219,16.266305394678742,10.565570148233958,20.469039438621703,5.3443193570028,20.979725064726047,15.371841265708902,12.837401458542208,27.966471196782425,8.35002608715551,17.623241464799918,14.902521523901136,21.78793862381179,22.939539859736136,27.587306798521364,20.7737639436186,10.18545050821161,10.580844351176909,26.930223657013737,17.214569397845196,23.83964908051261,11.653328903530712,12.739865183241728,16.485934470424237,11.780588567614672,32.51787683622009,11.9832328630716,27.70490853477773,13.438251569575522,16.160987700287688,19.20413436361485,13.069842918163143,15.67928873812432,27.45938595644597,6.829385321646225,15.3721535913103,0.0,18.86241319026509,19.92127978390465,18.32180305940832,25.259373629119715,22.9017372934241,13.932610253087423,13.587635819169222,24.67138059507784,20.72166449385253,20.323182284089288,19.74895210781025,23.087727770329604,2.7309422089268507,15.21206263609182,6.611783274489663,23.81960166958773,15.975823796837076,27.766257338866296,12.848122933920571,18.22528919385874,20.67795392658301,18.86239255642912,6.213548358438518,17.29015799959473,21.929700790932053,15.72370955451338,10.476058558913774,0.0,19.694030017505927,23.25935784961206,14.754854099993546,5.954696812155879,9.844928377470731,16.315594268489548,20.616809417462957,25.46074150045804,17.0030972283688,23.156664674478485,15.811679993773105,34.0184565093838,28.260944756105083,22.902844443585987,16.051688733088334,7.131443014429866,30.273042787899566,12.994478517783076,16.168893535517334,22.81249787852072,15.34885460665694,9.84252417690617,23.546879051961472,21.38110613544388,32.25467593206849,8.620745496559069,22.98682564076526,20.398055781932957,24.160632530947986,26.029486285064117,25.64493191454812,28.783162890098524,18.61263816171559,12.629009420695532,21.85913235017525,31.2195413526776,10.730039399356828,17.030078068761604,24.84792478035814,36.60833816454445,15.99916712714392,7.01037859882068,32.869483125566354,21.71374536635489,18.28791096443545,20.72150952237839,16.92583926458989,24.89611643116308,2.851659940380649,19.995525869844453,0.0,27.489745009461977,11.444391587685557,27.37764682214346,22.9927458361354,20.072121618400224,6.361024878693257,26.76839613642914,21.11890573447043,14.77936503968388,15.92708754021682,9.648484845760771,11.494128128627615,12.828284084998984,28.990434905492474,18.869358480456047,26.81783143504323,39.10273980263149,13.1778937619452,9.341670804482458,11.122355327470032,16.02817628872327,1.8475409356393293,5.019554751926059,21.26749367236612,20.68986561094276,16.985521899064008,4.457118313169246,22.89728876578062,7.684593133735031,8.521912644162818,31.567320196835613,0.0,26.60342947509833,13.450957389965511,13.498298001363205,15.585033943647405,24.32093096152259,9.799848576791792,3.49753170169297,15.794575763800712,14.440324434040685,24.883567893493137,20.5443076412824,16.35462333666062,14.734495290285423,9.63267940180432,16.87959210165355,25.036406941425856,12.947261866916987,19.45333614189215,19.6719296890382,26.379353262707635,15.084902212487991,20.06095750057371,24.936779098483164,22.36527035843651,24.42480428177589,24.094326285793173,18.72741770621842,25.47406474729066,26.223292906767867,24.35742160160008,10.39748008908094,2.272674433730999,4.482518847616909,11.30696441328409,12.1741084977968,18.20242719092617,17.78604573253211,23.113911872676816,17.89263542626286,11.626095822606215,7.0206475294267,13.482353840261904,0.0,19.87275977839359,23.53295348309181,29.09046024714558,14.75351229568395,19.21149434249204,18.53489095823877,23.72427703958812,15.83197331719182,15.683977622299638,16.612781187172168,20.87644639265681,12.440220124805382,26.437156024572943,24.72121389721659,30.226919577823185,22.89369043802457,31.428569928000638,27.37396993337164,17.857772564053402,8.49312200637213,17.185666158409262,30.435093257612195,7.248105494083452,9.276885690652524,22.24030651999338,23.695143142288394,23.138432882605617,20.968672527726117,25.5300728366773,21.30204677591739,14.025999651517482,28.24905979196229,30.404880940678296,31.533704883475565,8.139498283833369,4.409158599297895,12.922287077507972,5.060342020437101,16.681131863102717,17.760938376770852,19.42397969017545,21.138008542269997,15.68913853657602,17.586435013139617,18.138220286674876,0.0,22.19208061027075,24.821807313494062,9.119918958840792,0.5063152826181725,13.64569311372462,17.05469239647065,14.477540647931654,13.924938455199108,9.838410793687604,33.83691491360069,26.52491506582369,8.440371629791887,16.42992916307728,8.576881056511116,43.59032068798474,22.49706847975508,31.06455959107753,5.595519577219796,20.07815446071608,4.043840947842574,18.010291684390992,24.69197687041741,23.430621112309467,1.115609048166904,18.867081774449733,7.734807907981194,17.16432182307136,12.240146769872782,9.420100022226054,13.668649951283692,25.16627003289826,23.702108987024893,11.30072126929212,9.404113281532595,8.929861215250384,26.82797715690832,11.823347823396226,7.7210555702339745,12.302499501371509,20.66399381738877,14.982196207716653,26.517320282163777,12.51200855420714,10.573066215651224,16.493133153825113,7.368215602936988,16.40372120325175,11.370724961598055,11.348421359224126,12.190372287649083,10.920806210698402,16.941653055204654,21.865162626771472,20.70122260439528,31.9530471181374,29.7290685703538,8.790679198805458,12.07964119027394,23.055646490022973,12.93509672382184,22.538878742711347,12.426894236392512,7.604780931487469,12.839842029452855,17.29177013595885,12.712991278511904,14.321649888788333,2.164491688682501,29.483040839336123,17.014773903276726,20.57365398753779,12.967388818492948,10.957370113979657,15.228091688663568,30.866083108443064,19.88931446388407,20.572252772558787,20.650916318746404,22.50987054196632,6.777987678483982,13.325904016314688,18.870414642000046,8.017177279480174,11.270728986945304,5.779885109986291,0.0,27.65169077700973,19.70400902839298,17.991310692502793,25.96869725923777,9.831747083452807,13.40071580511798,18.550676044363296,30.058943506321008,22.082692200186933,11.663030104686978,12.599466786643678,20.16679964473583,22.086568252023277,21.464917194502544,19.81011442886202,21.58056650297265,20.535816542076294,19.747524719330787,6.1341148936185785,28.684779702263143,13.852910751786318,17.852369813567858,20.585317912217807,26.51302918061496,29.4030147866228,31.18367669748537,11.20224456832408,22.190456478754747,13.95047241039004,22.09127564004137,8.697048271933667,20.346913417250413,15.979751219188175,22.68732878303347,15.57706727567582,17.10972682719047,18.62115476212132,5.7073854503714685,26.36202658240992,20.93155687494651,27.67870644414561,16.709592475765916,25.645134121171637,17.852423566480535,19.01786722070611,18.715144173004383,19.906872504279377,14.635362816087165,16.97872945076577,20.335895927454224,20.71132722039915,20.7819092884073,34.93159813175882,22.551537113591,11.078329494622798,22.38325950731291,22.557025629392463,12.986245039032998,16.726510444026367,7.800753971908547,24.376282046759197,0.0,29.14173131230911,16.312475745885024,22.48458681606466,12.636038438563244,20.912932372265665,18.0141113234303,14.249971636393274,13.390436552384084,14.466461960430342,2.164813469501893,14.110006912825636,22.101102881088824,14.598310390024984,23.847619531366217,9.230524909023783,21.7827051612792,19.042480010326297,16.525143930637384,20.90756305169426,8.427676868234776,13.69134550605703,30.961361604402686,5.629587193366231,12.384166274379464,13.383166428567574,1.5172459778389016,14.845975538833477,15.77568177292958,25.79692665193232,27.74666856264316,27.66493190155669,13.166380600123528,16.552480037510765,13.448624329408537,6.781684814419052,13.860585932857251,22.390499560593945,18.162805222596067,28.057425996437527,,,,,,,6.0,0.0
,,,,,,,,,,,,,,,,,,,,,,,,,,,,,,33.51992189385844,31.610486637411668,29.88250695971566,23.111651525552286,20.17926059684905,32.9781815023025,19.927329695889235,24.48805320929404,21.87804389474912,16.319830103503435,24.39219022353861,13.266643275078142,37.44152282833768,21.560787820191702,33.73607317313916,21.916634096014334,47.0664629346184,30.467535511618426,25.577627490404897,29.87742673411644,18.472329735128103,19.073390023149305,29.31618042370693,31.538073725513723,30.902424577025755,12.298808693016907,31.622041687698506,31.658811096271755,15.162704133119323,36.20349704202969,25.029994301632136,30.981149092638905,10.62375804646101,18.317913072914248,28.332603242905076,30.02951200245625,32.30719941972975,23.07396355431773,20.413577526321124,28.045049464213363,18.065890563439744,32.963288677572805,21.759514280880666,33.41950313512697,25.55396123241505,28.948060176166518,22.294567761298577,32.96192982582271,24.54028834710823,14.053469220392271,20.44239474001901,29.366327754085308,11.504063145305937,19.30519781433394,15.81714422356425,31.86507081427465,19.991924653363007,23.518003396515397,20.51505897386364,17.465229548275595,18.666908386676727,19.698513092762436,40.63560539086709,5.364293390202049,28.1700061913279,43.59379476804113,27.544912677367726,15.700494950448874,33.42855685513827,17.059642791011058,25.855374371239154,32.65015193911795,27.241858627071263,24.65841746708954,13.32811900274782,11.55167404850905,31.61251563374573,25.276958229116534,15.237969649981888,29.94169051083576,10.908152989630045,28.18690669660271,28.12052361120621,23.19324754118237,39.18980271166855,13.23940488832014,22.68338172160709,20.921388013012947,28.333375470935984,30.6515233071742,33.73691725239652,29.917101519194684,14.455877106778985,14.650251392458449,35.91253562144865,24.504596457141805,28.13559541081013,15.514957702372737,20.715816367817126,21.119249726678994,14.48217840253758,41.17547412005552,16.175049187513924,34.25437154419107,15.165482848311893,19.97011342823924,26.27208509590423,19.52807995152393,25.65453889589512,37.03744496896822,11.840392982561616,22.200717109554077,5.164728188588547,28.305034487168545,27.10720064751429,26.06929038020694,35.25531947975845,29.26050334370721,23.54605467630712,15.36643811239982,31.29808035273831,28.08529900145193,25.021665959518536,27.43138154782824,28.911974761881936,6.664905524500525,21.81448602446528,12.77429513938308,31.7509363318696,21.264388390975324,37.14878831728613,17.35320337107767,22.91541737905242,27.42357821679317,26.520808650946897,7.022311934520486,22.966141160697312,26.641728513144564,20.573963346645098,14.296663831728928,3.8258864470295295,26.450747933439796,31.70461070205629,22.42734696801239,12.85850551805735,17.05576034605641,22.523533770404345,25.40680658375497,29.37010335496899,26.020724611570333,29.55367136094161,26.27281032938853,38.44356395905098,37.14500011463029,32.0747956603823,25.730710507136084,19.66187635119029,38.43175938941384,22.34456516699105,18.323342801835384,30.638013733381225,20.538794024687807,11.852443782178591,29.7636828559186,28.60773754182315,39.5892590657451,10.093470652365315,32.06392181380175,28.52836580189255,32.59117035603348,34.391408647199725,32.92886984989739,38.9873773071413,28.41238739653908,18.54054448773613,26.410244968391083,36.71809786912682,14.979233589444371,21.19873020977324,32.269675267681706,42.061516153034326,24.688743852504064,13.58576959170284,42.09923725494444,32.325235155274754,28.7242754821014,26.3769023791513,23.622486858833803,34.85784483312957,5.405561485492691,25.082264487344556,0.0,38.48182344603022,16.816429414205963,35.30209540246164,25.55261528736508,28.528641201263326,6.829706222448287,36.17835937407822,31.180113131776334,23.18958846916857,22.674793490678216,13.701795102651973,17.558235913497178,19.93521646913433,37.14205469163811,23.732867668086957,33.235908101783934,45.90075794124995,21.904689222543176,14.437913118708464,18.04101298563372,19.30782022948924,3.858162960093539,12.574138609754751,23.14746552879419,24.553252043661416,24.34993572645172,7.24192836123207,32.55018737748999,15.243051838122057,15.608549022779773,39.38729095628044,3.676116240485658,35.034697650670296,20.38276087033052,14.656218104827524,26.076629087486698,32.91207500401214,21.108436015415226,12.636946697767875,26.675630821621866,20.549911160828067,34.26477196017198,25.566657428400912,25.435117495821903,20.73261112247552,18.776354235938825,21.56125368697796,32.07147221422825,22.277651624102475,27.705221205375256,24.72893155858169,34.77453821358837,18.961478376505774,27.816989096196764,32.060469284278206,32.97601568744986,32.65187151505735,34.26643607955243,23.57391070830871,31.31986060187164,32.855784362429034,35.87309365508631,16.768218285226734,4.450192946919299,9.93865506714942,16.724694546069905,16.724909733142546,23.514369676743684,25.69644669741525,31.231797217219658,28.79167865766523,21.91170236472318,15.614031033221336,21.395418403808705,4.945093394102562,26.186294157546325,27.6042575625359,36.59907171635232,22.07049416526948,30.271323420758133,23.12798726516727,30.184931760365615,24.745042164989965,21.651411228943367,22.384997167526123,31.90116560996857,23.76469014194685,34.52822213997304,36.34834166041136,36.9719498845555,31.710988978987764,39.07640202920169,33.606007475529886,23.57906720958166,9.951207325195927,24.35257410326652,42.45084072916973,12.843057955263433,15.601338606594206,31.58817235717747,34.505396146463035,27.02528887611869,29.35343301574388,35.9954052879505,27.67539819677637,22.116012938204253,33.45971837954405,39.1644166202256,41.9549189834548,12.91243000971504,4.851788323179934,16.376762828760523,12.59947628357319,22.461892122707088,28.620344908208644,26.944828773338475,25.94197639977921,24.542782344673316,26.70440269125852,26.71000557966494,0.6954300690700438,25.37836257486773,30.626879700540243,15.470921679967477,4.679528241988288,22.537850568577504,22.55655693536873,20.417648826345804,20.350353232776765,11.610653824299783,38.112580204109456,35.9374164051245,10.161245620738244,23.902943087573,14.51643673757238,50.01165795151442,27.458370564534,43.73703035377563,13.499550424571876,30.05112494596857,6.9696601828052405,25.15967271828074,32.791866255573204,33.47203183176169,5.67536221236129,23.18510895085607,11.775208459077072,26.770304995738,16.36667335421989,14.05760579192119,21.508026847706287,34.78716014454472,31.773360392374816,15.802393781720072,12.224028903840914,10.484973227750531,35.26716627113441,13.377937865651871,12.897986390009338,20.365373617204103,29.605922497145187,25.62814668863458,30.56520041761028,15.208836783162663,16.811715778920565,26.26907657539084,11.269475043314625,27.36050388835124,18.85985086009412,22.103206406470623,21.559834392552684,13.267668098844984,22.68871724221225,28.9022452201647,30.266350172288625,39.54405001031802,39.39705832795384,15.10088398852259,14.297996663872748,31.68706805029914,17.030491834962092,32.678247596515554,16.09558331069675,15.840091429917717,17.617065785145005,24.689231863843546,18.834065191126587,19.955905913863376,6.976187054819769,39.85204457599133,23.499467207630087,30.56057111951549,19.93583373522818,16.989943862305694,22.85855632515291,35.29612819066655,31.717817400190917,31.03242828126318,26.866126474109464,29.793600070115197,8.340183130074724,21.142283912549136,24.011099937588284,12.670753040592036,12.425305589068763,8.711259706554545,5.182419882194972,37.33412993187531,24.85429634887417,24.02872637436985,37.10943841811456,14.289199289868792,19.80624804646692,25.575564273621755,39.87113369327164,27.45523687830838,17.733802625772224,19.275559167637805,26.7783970976934,26.730629432990632,27.722220313839653,24.93794704309358,32.213896966087354,26.87749571197795,24.756923136733096,11.853410063337463,40.58327426089019,20.417006998052003,23.03533211384364,25.786712112080167,31.569231988026655,40.09856992184867,42.5692361956953,17.12806909128964,26.15049003478416,17.734866433356775,24.72255005528633,15.80158006039852,27.522224646160705,14.4541394553748,30.200644564626256,18.63796961804246,24.10397843869517,22.685156776222797,8.896321082454655,33.21508179241778,25.200752434363988,35.68753410573055,22.725521787781805,35.62902322638212,27.86131570461307,25.475651602922927,26.93326853514925,30.935238614471828,20.83634552154207,21.61767993568399,19.560038179269707,28.534902520571748,31.880037928750134,43.81279039508268,28.547733116027608,15.182115182334238,31.57277251985285,30.36089073959952,22.240158954628743,23.24025158492053,13.110390671679442,31.23177851145602,0.0,35.427591675435,23.55457931701512,24.48292339183275,17.087611713390164,30.27869827163788,24.14788141071556,19.566777459905506,20.37389792006894,22.68382595166584,10.405315022092148,21.041826482560182,30.634774096981623,21.017431293578596,30.710202256365847,15.807633248344372,28.336693059279444,23.16572970486107,27.950746897658284,31.083438090469446,13.273532849155812,19.18706124721055,37.634475115670405,14.067942227598367,18.022160568503327,17.403627431814883,8.562633127220625,24.073525462752546,19.202772732530143,36.83461819134875,31.532321286764443,36.997811773123736,20.904593484855692,23.71635318292356,16.910502496811603,11.693296771756062,20.919510953524085,26.92293761879332,23.86988088885601,42.80089675336437,,,,,,,5.6,0.0
,,,,,,,,,,,,,,,,,,,,,,,,,,,,,,32.70140851008381,31.690275473740783,29.809212592229088,29.32450356221552,23.517025680549395,37.54048399038825,21.583502536240783,32.04731971855398,25.16477409789932,22.5904540542962,24.46470614919788,17.6283719168951,41.962337096147216,24.40784877231648,35.52510464125945,26.03473818448237,44.99160014497236,30.43148029206946,33.133012238051954,33.13024037179342,22.69801870968921,19.34721439829586,28.95362414155989,30.179107635263875,27.361313343303763,15.722795817618085,31.0735722932534,32.599654971622016,13.798567969866758,34.97833061862563,28.473460554127197,33.51639405436011,14.902202371122188,26.262711497785435,33.19424591536159,26.8320777612852,38.045251435700536,24.2769870894421,17.816790553895046,25.281179799039894,22.27860346887721,30.83505697658133,24.34426006114426,31.309986863717988,27.918053163359563,27.961692384567893,21.048222017739725,36.38274218301793,21.751146266624147,16.625417791798522,23.443804779064592,30.508376710461352,14.026454934087717,15.789096454012402,23.5164087996237,33.8529321626418,20.891220595087685,32.197229164793434,23.945296286152104,19.310462351017105,22.06315551104445,24.177838972854047,41.573458286384486,4.359232836067333,30.933009313361776,40.29885186216874,29.75164111729732,17.191475914447413,34.71525969858884,15.9025661291819,27.434162875879665,33.148247221708175,26.097491485794787,30.527586097194,13.931323191889408,15.61882853408221,30.781756058349707,23.85623325212276,16.443488544538308,27.54918731263014,11.04497244168286,34.14030229333608,31.432790648212727,26.48360865034399,39.41483214994217,20.514479973024624,22.274673328470623,24.003001605446787,34.24288079378972,26.8809226306381,30.11482990079325,30.82762952081552,17.343106167550065,15.776010457861103,36.30942546899372,26.3926254317168,31.21397061021428,14.791171264041123,25.80663344450745,24.24669628176097,19.49384573060301,43.23235303678624,19.80667546958388,33.367350568207755,21.90539378612457,22.69379297473059,29.939222149693546,24.65114842520816,25.51253196736353,35.60324087213106,11.04126434051276,30.18528546043761,9.464679936392546,36.83691192888508,29.82573992285313,31.67595669589665,33.736214597702016,33.93813034277628,22.31049579939257,17.11653683798239,34.52467068561245,28.73934441493531,23.57884271455873,29.61311290011465,30.169433600446183,13.394067778129603,21.846024826777192,16.123102011859324,33.86822146111212,25.45467964123282,41.92385073154495,24.82621506030648,22.33730658963453,25.955320731962185,27.714632713890506,7.295119073631432,23.87959367806865,25.30998163138,25.41604019199099,17.046372910839636,6.837928198595106,30.01955306552294,30.20238881405246,26.10207742152543,17.840262656405052,19.38548749341235,22.132440364578617,30.504854354471416,32.04256154560786,31.265596828789565,35.613184840072634,27.24785271269796,40.48204237115278,36.37070712505379,33.6721408020756,28.74534478668038,22.23953411010939,38.75323880219953,29.607023788458868,22.521385753736254,31.42949596893608,21.321162888981053,12.29987603911058,35.79122611895133,27.9686986617048,36.22581530699022,11.215371254550542,34.56051552003983,28.786020845203687,33.941784391972995,33.18469026062383,36.3129854781151,41.5290250763541,33.72526854096543,17.2400780028428,22.812609007999537,36.7483809105522,21.542785680190693,26.93794357154576,27.13932527506725,36.2434592168567,23.93760110768097,18.906211040671323,43.753185304619805,37.33022928194535,35.07219468885019,30.482827428584763,29.451619158321797,42.136813507360536,7.224417528605184,25.503511313735046,1.446664147641742,42.20264124751476,25.067479773005605,34.19786892138791,27.960676551532757,33.40567036428377,12.467933000439285,40.30444914781303,32.85833914396079,24.421844051443998,22.964301110849128,19.43619840887728,22.924669752967407,20.16072381529717,42.091792416449216,25.05056687577984,35.98922966681161,42.935000238206186,25.326008850776148,13.663036707004345,23.51639344653864,20.40183221431208,9.021090478258069,14.500210800616497,18.59273089697225,30.759054062393165,26.97863515911122,7.621438209750345,33.647265890138094,16.41818152744494,14.66090634808635,36.598794750243634,5.2063042793271,39.97490997404112,16.624138978422852,17.18930931708407,31.15752159361524,31.17782187017804,22.852034597901184,20.10352282941992,25.1618258226713,24.775509118009552,36.16676646838608,31.05335975281621,36.71807620216056,26.467538199099685,21.40186420274892,28.194246083957907,32.26578293035576,25.28523741278136,31.09568769857269,23.70372769859744,35.80434937630093,20.665592289578548,33.169238100836736,30.63017522084625,31.09509170499288,30.53795377626175,32.89156204643765,26.813703600446274,34.07237638736087,31.540202578842983,40.48379179747476,24.9923541740086,4.383930170590119,15.535892492831907,19.39914299148097,17.12813319569464,26.102557294447383,26.177308200911067,36.40031366638264,31.862832500477413,21.404397014023864,22.00642142512085,27.547349678401748,11.22312760832,24.693140356689355,26.03513960819832,36.81287735104985,23.448301261277276,33.73781750725755,26.25795456433581,38.47394329854063,31.74814143636042,22.28719130970657,25.62056625890525,31.557536975036463,29.76783696820633,36.66371576091899,40.19279938767182,38.64467819807549,35.442111436509435,39.08278084221016,32.28633117347859,22.657289410911496,12.56472653358847,26.239243302654284,48.66364369603839,18.358319444972626,16.71805825694979,33.774010911359994,38.89660270194073,26.41890186017725,31.303855180297223,36.51516352326071,32.463663215630085,28.728550655467,34.209338038359874,41.55861107309737,45.258888952939486,17.48115945756199,8.371054836790487,19.77021930812308,14.567859307257155,25.902428850675143,28.693090772545258,32.1833236103369,27.67091264421017,24.209768698175186,33.51560584494682,31.79165017183678,4.125685921511139,24.09177148117095,32.251663822424185,18.13311871010229,6.496480808147174,26.470540971167644,27.13401777419907,26.558456317766545,25.32337315354668,12.22634493220638,36.00124382971041,34.542819746536225,13.762973534029015,25.329657358008028,15.49692671479338,49.98545963515063,30.504466106995988,44.2731465938538,18.18909815599812,35.61325721249313,6.170583783959479,28.29721755323809,32.748545321756964,35.11628473656428,5.676011906025931,24.423184747546763,19.09483806052384,32.05272633275387,19.267983221241405,18.52766857288724,25.028305667443103,33.947954751229155,30.200031238574617,24.325920413773947,13.007115719612742,14.676158950164716,37.54966320932407,17.263644684394045,15.29165458214814,18.3045250878165,26.78113045206277,26.812206755924105,33.528994248103224,17.676358028251354,23.848377205902484,31.094103321016647,12.89627869264346,31.037625573927453,24.41471869968189,24.488208016572443,25.21648277208015,12.836513484983485,24.33854391069693,26.954854649266363,31.95678295975634,40.32366283450157,41.52478948327691,20.10843193745998,17.646413971051008,33.98364722309692,19.550331690983768,36.883336774706905,13.521037908746308,18.446053729830844,23.7949152404958,26.835314466868844,22.10859902785708,21.27600753505908,7.094863142254108,39.44232267348655,28.20190786224612,30.42119238601143,25.207784100743336,21.31158482022993,24.355758941555354,34.183305547912525,37.82578905279966,32.68833671797234,29.341415239266205,30.15693652200221,14.757437106146224,23.051129981084586,25.59449145293206,12.713156056155754,17.5068107997559,5.759367614934347,10.514650873257038,36.84766390135008,27.549966307926525,25.82209253814679,35.690045945345666,18.89455111781771,17.52010274627521,27.80661324730104,43.0463188961005,31.37228735314139,23.635803016998977,22.7591887770278,34.168165393507095,29.58744492704125,32.39551585028217,26.37471705288849,29.177307375366134,30.939825157151517,22.61173397352206,17.12864232600342,44.57112578165705,21.68758759318524,22.072262033223,28.22400939864496,29.966152844525386,38.8263070667712,40.5588118350957,25.313865825837983,23.182192738007423,19.10438751604719,25.815082838572152,17.397611701163665,30.791347687370685,18.57643541490426,28.123652977340928,25.53127046300064,27.476235005046263,26.091775352474343,14.041853816271326,30.101909040203672,25.275994689279543,33.051806429903976,30.82457031732936,36.87350123348626,31.1550989474829,27.095435598662995,31.50297557764564,33.065095638327286,24.07207752185052,18.366755025334985,15.870457787091516,31.288668172201355,31.8645341865141,40.383090899282365,27.215853031252117,17.068155624913523,33.38042684344407,34.50952118680486,20.701582877656072,24.96956064332547,18.73498082544043,34.26748877373679,5.819503923850499,33.55887268061502,24.861281263474037,24.23162088653514,15.50845036433882,31.336526525889813,23.37877113816412,18.044460697627063,23.930586337684023,30.158533578921936,14.8623856098802,20.774936060599877,30.83671854037097,28.31355698709404,32.110554429655444,15.923657398208904,24.09981397225878,25.821686033507373,29.20507881959665,34.35259395693927,18.483629623577933,23.04864404332605,39.277486228803234,18.155725941452108,22.224243464688275,18.550780850452288,10.84286352404883,29.978189923534995,18.988308490448357,37.389605197559305,32.0292612701585,37.57103333458404,26.564530497020392,16.585189915977246,18.970461524527643,15.076927862046478,25.70592831550144,24.841373767985797,30.474082041910307,40.567061838099136,,,,,,,4.0,0.0
,,,,,,,,,,,,,,,,,,,,,,,,,,,,,,34.19869970715547,37.68193176470296,29.45391555795236,31.308314724376704,25.68169220601584,36.72731086465237,30.66909943567852,35.84479305774735,29.124490858393543,25.0565395758372,26.694129527925515,18.059742013397447,42.37391431399298,28.02727721031324,41.89584385462902,33.64356203856339,46.20898178143312,30.88191169334853,35.690556853652126,40.23667804659738,23.934284298322098,24.31973436089066,29.53836812517896,28.126871372593836,28.567524191036696,18.02491690856088,39.09498647291313,43.48259184087596,18.47762772455616,40.9019598830501,29.86470734626688,35.55834463685209,14.099062133703391,28.52557173753931,41.52879273793945,24.597184565611503,41.88123215805684,28.159115700021506,22.04375673704802,26.687703110669094,22.714923121147187,30.54538074662289,31.04412609433608,34.880505370385,32.093519009319785,26.041924755033687,20.25633841740562,35.74249602532704,21.774803363618854,22.053234552614576,28.36384184413665,31.863318991356955,15.747492251439668,16.85978738096799,25.429985751086367,36.914860548667605,23.10952365346285,35.32806857460854,27.486294958963803,29.147996451480804,24.699671274269186,27.674768071819265,39.67608777109035,8.050390952107204,39.243483072612925,42.19493832965178,28.868435679692983,25.705654111109737,38.23280361124703,19.828791616504915,30.455449073861946,37.728337004424965,23.03984360817057,28.10301695878878,19.379228238355918,23.24151284683605,33.045751016753414,22.70245196505289,19.57967379536592,25.481083311658395,12.18182754251904,38.919510473523374,38.75838146613573,31.130593448943248,48.828113131354485,22.06621744487588,26.20492928030133,31.88686057376569,44.26369306596337,28.751214818465712,33.311262320231734,33.07362464405861,25.63071658134778,21.320597481825164,39.49861533132828,26.1744509632485,36.6789155591187,23.677450257483915,28.068744681339343,26.065975296198975,23.768407492242208,43.76266809255887,21.338235442768195,36.87610152976007,24.221138779496844,29.31705072801201,31.977377010207068,25.738129495130053,27.00764444722029,38.140769539594025,16.844488968846296,36.95128908371934,17.784935602193606,33.0322755737145,31.18897480281952,35.277901026971485,39.06343127570401,33.49520151620996,28.610631238535845,21.779242955293142,37.21612751694627,34.60073410609746,23.13971550840416,34.023991371896834,27.09580996098008,15.314563852103934,27.22942844065487,15.758007062325648,37.3095083651697,26.034557901440746,44.88341662021634,29.406452658832936,18.66624576907651,24.79706480354974,26.703488654409583,13.059049972113158,22.243578603144226,31.402268729617,26.392881770471945,22.94326725564872,7.0490533500240415,27.23230724747357,31.189988428438557,24.885365150087395,23.023791429476525,23.25895056530909,27.35163399630757,33.79809626917404,36.18926710878981,33.50218845003008,39.70460928306429,28.190644787553623,43.36342997919038,40.602965979852186,35.88273602000979,30.59571677096654,23.95202688594952,33.20352866396725,35.907704922069215,23.509055515263327,37.11315765029887,24.52445458691846,14.059429661304785,38.11577552335627,37.4457305643022,35.5512109938619,14.672016908435657,38.7371688072473,35.27654890800973,35.72236379843467,33.391165056649825,39.17223620205113,44.2970836388373,35.4794291227014,20.092428761632075,25.4961135079149,37.486074011959005,23.22374227951985,33.863800239103604,30.67940048445368,39.10490905087445,26.52609993398965,25.011545217106896,48.146901166901166,36.88371706311337,32.61564647118111,33.69269630257637,37.61726889335025,43.314513111059696,10.910110962202047,28.71337340227627,1.0017945180638166,46.99455970327342,30.899403573921408,34.585416994108535,36.20091585868469,37.908913688782576,17.16070005766711,43.29065180139108,34.07787880471362,26.631339516142795,24.641119384160312,18.64754581517049,27.46496717253888,21.796074084145875,45.25546820238301,28.681943946586333,43.68703459584811,45.11081281220467,26.167652841698363,15.788626936364643,32.25382067723002,24.61003779504377,13.56643352298776,13.144556690680492,20.35920775106956,41.85819955779194,27.851398268986976,14.319699933978494,37.25269050588536,19.30106554013996,14.146238677105384,35.178781280043886,8.910862681378187,37.74644335800973,22.99504841882166,22.14362313928553,33.29195796055681,36.20033783324047,24.453924096939005,26.901061954274315,28.6985374227998,27.203766983356616,42.13836895432838,30.96542962566517,41.30631662973452,28.78626285450636,21.000398276455915,26.715947108362965,30.325317963585142,25.479297792171938,33.05093090818179,25.929020011743468,39.614104986257416,26.20653314704172,35.08283861712832,37.04345856809088,34.34064282836464,29.01603376007277,36.45647371989606,28.69032428936748,37.75296437870061,34.36450763619238,39.69947769944209,29.575902767561757,5.7299286121014426,21.63559440936154,21.021945474630293,23.36619496409917,30.73052540182021,34.05987516214053,36.71360963210064,35.19654230808897,28.11566453784732,30.137309643750253,28.29987359112313,16.739862269429373,22.450602220708625,27.990914717269696,36.04846773534081,28.69285013916617,35.309703445554135,29.46508718147509,36.4686575131271,35.09833964827935,17.940883789526048,31.490230170873275,33.83224355774934,34.80079248979418,36.82555018833502,41.73132704797337,38.6278162811044,41.88111354889814,40.50311004554952,38.54575980217617,30.394380136232574,13.786807786691549,27.59296241088415,47.47484999684008,25.90584197287051,20.03605879797133,33.749639946752296,42.61487652207565,28.64187192625004,34.91712927051262,39.83697154670434,39.78827245206179,31.478035039171026,39.65987300766773,44.14896936537284,48.838111330424255,13.664017916481466,8.220255773717863,28.50738699648001,18.71116934906197,32.67298566220965,32.28354185394202,35.370165736177164,32.6429508654844,26.37308589361833,44.15112089252285,36.00551108814158,7.878367781899893,26.369878485849643,35.956176305674234,20.2597785063474,11.094898763894472,25.236330550028548,30.91312344774923,33.68933261249433,22.165329469326156,16.96879909051335,37.00035712477165,39.33838039170858,18.5921255813965,27.00507376900952,14.918746981859274,47.48924100683528,32.83777295520254,43.53071718637781,25.245272941667714,43.505521235082455,8.256699350536184,32.78652347547193,30.546584035876315,38.79185737335127,14.584020682647024,34.39741560214842,27.321251492619737,39.33113463922679,22.23164273402385,23.50904339601825,30.41389442113737,36.96313345206889,32.53979561309766,31.70001972132807,13.583263927742696,21.989222034864543,42.81420510696664,20.494729583735907,14.707129180804712,19.67567999814255,31.06756129726874,28.048524711919832,40.73041469878467,21.81061492603488,28.28829128672931,39.94781093787082,12.80372922096287,28.590328358213466,29.54101735710207,27.90536125329864,28.192905002509587,15.011681987112432,27.72449056753928,28.8272707553871,37.654488483183634,43.527991752405335,48.071252467241344,23.970159535078302,21.726418999126164,37.79395397200559,22.056895612293932,36.04956739422949,16.40007268610033,17.092633511070364,25.027110007485945,25.320035612235564,25.436438270611237,26.410233996971986,15.01999067983462,44.958254752909,31.727197677091038,34.3059768268489,27.2106676435867,24.848663409036558,28.247191093401597,37.02774144447682,45.72979171598681,36.17365511430681,33.43062516684473,34.70421816961627,19.936995266141164,29.4836123720883,27.496899580422127,19.00208810318796,25.342933414369035,7.086254110890682,15.216575009955946,40.41350947250383,31.925545469857084,33.37756766256113,35.76817061001554,24.378885309673905,27.006885211314003,32.090028603792575,44.0183231876212,35.89781643145058,29.63985461070379,23.731753360796564,34.97650110848265,30.564580445639898,30.92542322510155,27.527740867205285,27.88080416376963,34.17178264914364,24.003987527666595,22.396367141808952,43.90113161809511,24.25551682716145,20.521315249154057,31.768157353634876,32.13041940452565,43.307472263503385,39.311226341099015,30.61627639956731,24.43831633310743,21.762085983504605,26.91647357209541,18.219987205592155,31.99414064067296,24.69127076829752,28.20866928944969,29.275524800470645,32.00510216648947,24.52059148298993,12.190813496509524,35.22276868905081,33.26133139945682,32.82431883127223,31.69300793172592,38.83839651995024,33.55069269193578,28.34184692488238,29.189516762696723,39.32137032415998,22.38759970158518,18.582935994100414,19.495021668240152,37.2684443976086,33.00327478867479,38.70019291639347,32.31405514682932,24.671613253480835,38.27745141439528,33.27518648431173,23.245869303966444,27.768630557941652,22.53966014026991,39.55078999994264,11.149695383368917,39.98935881727696,27.965504594491488,27.5899087570919,19.868664278610787,37.08881909662063,26.18878018219318,18.82144970625082,26.2564866852054,38.303190028569226,19.18216209627394,21.336872761902374,32.37266295120708,34.90246679533445,36.946179519510025,18.473985256745312,22.63407375686203,29.872224999235467,31.709611110840395,31.477194005631414,23.764700382129423,29.824303496741194,41.641253527037165,22.655373517612308,23.10881568183128,21.096067289912344,10.490998445703536,33.95639506963734,22.8584854188664,42.587910314707656,35.29830178684807,36.887577526991926,29.61186596993491,16.196572090558355,25.318148400448525,17.47637430489445,28.452600274206542,22.3373233760366,39.94543246401789,40.70815817228674,,,,,,,3.7,0.0
,,,,,,,,,,,,,,,,,,,,,,,,,,,,,,33.44719629145789,39.30761148858221,29.256217530038786,34.28806744443747,25.70920471475053,33.325066354885024,32.93886013806778,37.75187933918051,29.524694552082757,24.70412302894512,26.400317406399008,21.35985848760269,42.40392838868244,30.79528016062505,36.1524187103401,31.19686358796039,45.53265603742557,34.17173897657516,32.54343427406558,40.83168019130948,20.73238363073312,25.42271091631351,28.50779416233511,20.58207785650809,28.251951085024963,15.758293712829255,36.63708113743454,44.61268291241196,21.24184153322125,41.2018391614348,25.166697809169136,33.21658293184494,15.398238190238615,30.845648867691512,38.83809381385224,19.147598443773937,39.31372226227334,29.0827994995484,22.348135212720923,29.233403043819905,16.78302839710638,29.42075958783113,35.19263029419596,34.79741160471436,35.942931887962345,22.682126547333706,24.33077615327553,37.16794225131344,22.6233256848447,22.656564065891786,28.90094467506784,32.106273293545456,14.70174989680806,21.43598475111269,26.91383843272854,39.31290971787804,25.535612748624303,35.19607453381352,28.469431139935296,27.316388759787184,25.950500340292752,30.103555556059664,35.21075214924768,15.927299803560391,39.40334619468742,36.092740876998704,27.594910352994017,30.158404450731936,37.12207567136686,20.161654175211847,29.01803521612378,35.39130902924537,24.04443146331425,33.92572165663888,24.639567843197387,31.25076906362008,31.72594989406948,23.343829867221046,23.600963662263485,27.74151534930386,16.80052384115042,40.539757379919976,34.701304924038,30.872234108506685,45.57591686651888,19.218676274382016,28.68179688870708,36.817050818262445,41.28101790995608,31.9474865546066,34.098610697040655,36.08163473694735,23.83038567728996,25.84327600778172,35.41334027240492,22.779893553856144,38.06463421634291,28.292866226053075,27.854016745196727,23.925648668067264,28.299710813631886,41.11858445993042,25.32160629217452,36.32602154274317,20.82102879594652,29.12737624189126,29.48008182785989,26.109593767433445,24.69143109175024,36.96293090357195,18.91514726665292,31.07100141633286,21.642505384709672,28.10711304010788,29.527621486725995,33.59261085767304,38.16802614773962,29.55765597161546,24.159237152657,25.27671893280943,39.65578818763099,33.73568576351244,23.755465059556567,34.32149438045564,25.43121510434087,22.72097576915133,28.75748520949264,15.579966611647446,39.53905536266149,24.39052754207824,44.60920804157519,28.843197958198694,23.062044735277496,27.64162604364629,26.817969772097435,21.1480507338663,20.31019112059873,35.905854754817824,31.718342895868982,18.237757356602696,13.871069181737653,26.335960082026613,28.11938239600699,35.12775107901049,26.218878603397677,25.78052490361808,28.40248188903132,38.65432434966187,38.07650475806763,32.29199090843622,39.49543930748315,30.81750298900246,48.58397399034428,42.83980686729965,32.77273786097739,34.75226778152881,19.88534981501696,34.107961415550605,35.75545993632689,25.78847513830173,35.67778817989642,25.81910896134008,17.74062171652437,40.086537327113824,37.196831078084834,34.53458798460231,14.849830953306697,34.90543373989912,31.736391765217057,38.50815537998597,34.8571157996341,35.4943870445771,39.35601046940995,38.29413092239862,24.464001599471604,28.69580147844743,30.38124085057696,21.57715343592111,29.63842418273006,28.926025846520524,36.55028708928485,25.95262065100527,26.99455071657773,46.63088557079464,38.53407026880248,34.443253887801994,33.99493845531715,37.38769338404576,44.20471309618088,16.480041576199866,35.30319383544652,6.089408694860619,40.397604363630826,31.698811617104457,31.61782072540905,40.04962044713528,36.91805053049294,19.6284594652899,44.17075294300909,34.06501721261708,24.58026717971272,22.18260537369216,20.20195928319669,29.471284670259568,21.942010127188414,38.91793187731148,31.93052826546858,39.31499218657098,39.658279303489,26.91431801585955,18.50475725196888,35.71275715703068,25.90292473770594,17.82627719979533,14.60594443006531,21.073801686442607,40.58610215175177,34.55670547836818,16.684427099313382,29.42029101930536,18.88384055222988,20.10060583629649,37.23786228260985,13.31342794437288,34.13524201327791,26.679384966148053,25.727446844423635,36.19894770113781,36.53951128461685,28.989888684777384,29.61788691523716,26.549872226729548,25.23097430520033,43.4950268754399,32.46105579988626,37.8026724149586,30.304046764641765,21.42750158904913,28.07990469440129,32.638661169064136,27.94092681822523,31.03316738406053,25.71488652661914,35.939664753525385,28.02076305170283,33.58113304358165,38.737655826961074,30.57484154761218,32.86928128956155,33.752371639432376,29.383689002158167,38.47704030335676,34.272439217778924,35.45688459741643,27.72568201095251,5.916991578779603,21.358281296913948,16.670127217085053,27.17252126594677,32.37697340475761,36.78233181036519,29.844974446204542,30.932698346858057,32.81953242594291,32.09990511517351,22.131400052676845,19.480513975073016,27.71276456046868,28.852299435968508,39.50970321822167,34.46995178833481,36.44793187226453,29.791959410590053,38.64839115349897,34.51412956472328,22.75178333850509,33.50614743778595,30.01379979949502,36.38088706793384,31.183421221229587,42.15666289651218,36.439729451287285,40.70537559895967,37.63163374150572,38.71161960210763,23.935927362584493,21.248566899380386,31.7758444762156,43.69398248381523,26.07174221172689,27.057721622099223,27.106692068257228,35.5056820659303,25.67786934261312,28.585311858903676,39.83187505969264,39.87487606556066,31.571006929864456,34.94896973390556,46.28969069031873,45.65013278337548,15.276028050073966,11.197967443870576,32.101479358589344,19.998101930013476,34.351938751733435,31.03173391760081,33.25346288428066,26.969423246774102,24.467326358508625,44.86851607977704,33.30753970728245,15.839082450638738,30.155338823670697,34.43863673759577,20.304955161846543,12.530487379401835,30.048361928960983,34.43286153816,36.66697143411346,21.402637980847917,25.026275629305797,35.806782440944446,38.28584149544558,17.857136252084345,30.700484399583672,19.283412506018067,44.16323254258229,33.195165867809465,36.56511732655209,25.14138865968957,39.38321203425057,8.75327345788627,34.844012970561245,27.09467610948519,41.165845840000536,16.478462189764176,34.04556160958685,26.44951649628429,38.66882776272315,27.061581531254078,24.19210717314365,32.16585926728683,36.76900380227814,26.194411250948228,29.830302719239103,17.806946682840138,18.45372077883854,47.24759912512184,18.31751708877683,12.296000331525974,16.586276676582877,33.815139615768864,25.23581930138926,42.00557716805122,23.146286232969487,35.10385663977073,40.87161449120716,15.306816113461164,22.756254636098006,32.63889037534445,25.72532478764061,26.93818772688375,15.161737399490242,31.12100787488896,30.650225687540424,39.35800597806225,44.22339596459272,43.68800755563603,23.255933079696877,19.247891576187364,38.183655649103166,26.900729168267603,32.400285881113135,22.310811852917087,20.89766535906596,29.68263950898844,25.35111041044204,25.35970589028781,30.741169017723063,26.17973705101477,41.92429729656411,30.432740192690662,30.25872754904136,37.47110012850467,28.93150093508479,23.38013362733628,39.59796922377146,43.71050388872876,38.94676980313692,34.15953365075798,30.64060087323442,25.428580275648237,28.66945042948325,33.29304052723951,20.61161938958366,31.458810233176305,12.01019565693061,18.69903556324175,37.960986448205645,32.76998795645885,31.02007837341839,28.74124504951948,27.601209604998157,24.87111639968325,32.694211053011706,38.57091747340532,30.68736802912055,29.601909808243374,28.91689356467488,34.35927523069558,28.40921726537857,29.385053349183927,25.99493909717314,31.685591860657084,37.235006137057056,26.23356713170388,22.48004997046158,40.89801671335438,26.046438530134395,16.534455686595454,32.91784941683416,29.128381828837163,42.61614553246385,32.846666579296375,28.434611929324,26.489418979181547,26.220194750277187,28.085713820109834,15.88211753174573,30.31365373749317,27.233711882087665,30.9991312457893,29.19968481292273,30.28785943677279,23.70713132578151,13.20550776556234,41.99008411922586,30.25563811178032,29.56466469339382,29.88755240394252,34.48347686801851,30.383728936738773,27.55325543664354,29.885357988655542,36.51595551938677,19.088351772087226,23.79334995125538,21.1228911256977,39.02856870052044,29.77553385343909,36.99150893965696,29.988304783685894,27.663648817005367,39.00593441485263,35.40664368990682,18.95410742091009,25.300964408671103,27.80867907080464,37.69366605517668,11.378919634669236,35.061722574155034,29.01877407493451,27.50624209107753,23.21178820229785,40.00452604254424,25.15383088789319,21.832313137761187,27.09491527805694,33.416700892889025,24.153645061047136,13.887542706290017,27.64475516850766,33.55364246458856,38.96100129600528,19.89288481076304,20.35040133979328,31.7160254212196,28.58236337987356,33.78895730461852,27.37131815902888,29.697539927470498,38.3392191646036,22.91858714488796,20.619531127785653,22.942523840394053,23.709068682387866,34.15179116260201,24.343192233770207,40.963585744850114,34.72905539428669,38.278294944282656,24.520197726476248,22.50961388970773,28.40276293454624,24.97538451606042,26.17449795796728,22.111865064598906,38.33019669823867,31.84072482623689,,,,,,,3.8,0.0
,,,,,,,,,,,,,,,,,,,,,,,,,,,,,,32.09102399010615,27.811117692799897,32.4194234959309,30.25233020529447,17.85224680562616,23.909582259608765,28.59464020051251,29.122928528852796,19.881084953912865,18.7701275175443,20.081946648461354,17.380544307979296,36.14165657778213,26.126705872292984,28.910959134191305,22.24697466807912,37.18480162019128,31.347916430892457,28.79601923758584,33.63601506556719,19.165743898528824,24.68422782763336,23.74193490124548,15.21343303421689,26.58144033998453,15.542934420199462,26.99726650318124,34.144283480935314,20.39418534039105,35.25338477525492,25.21721819458434,25.51669334022843,17.70706695400477,26.33373716572584,29.337647495392645,17.385955271168317,26.72982124972052,26.17859648818533,21.951800215918897,23.29997323408381,13.491345572261736,25.59219590738496,30.17657855048513,26.49304076522662,31.085425298811497,19.543981751334236,17.00488868842785,30.46281775550045,20.370990334829127,20.09178892151963,23.67905192055336,26.03736702305432,16.017291729937234,22.66583285005481,18.043707370434767,31.84980670039717,22.924101572550583,27.16024321535409,23.92019752454916,25.083639050193984,21.365503499186683,23.690007822868814,21.78501684162876,18.194289144971545,28.017342543461147,30.69778909113761,25.25165284886317,25.671412102666448,27.70643544893566,18.23641844965449,23.32181429471253,31.80623034217445,20.12967715141858,26.64812662454296,28.99039083112988,26.94769769188621,25.1462775775678,18.970808509645103,17.394828580065695,22.215465903480972,15.32199023422383,33.489528441957496,28.221497542788025,25.27354916534035,31.2840661988241,19.8409668645175,23.92042583651469,28.489583983464133,31.937746262757432,25.951739395799677,26.029056776375807,26.82114073366116,18.158744692650444,23.21067103243149,28.54770024845787,20.40396130833558,30.045705010155675,24.051833694038848,26.123914651304403,21.183997303518204,20.78909686065395,31.10304656112128,29.544440391129683,30.054196470360534,20.482587129764703,21.92574760747617,23.408267051757683,21.08551613913808,18.322034699425256,31.907197432876465,14.138552332681687,24.33021811921993,17.216977276648258,20.185968899308808,25.91777545909553,30.26858437834009,29.47852683225833,23.81691386917898,18.90940693535393,20.81995722965028,29.581321418366567,28.440444762351905,17.086038934601216,27.377281432806797,23.72186295892533,26.171637433892936,25.263974012347703,14.206459023815606,29.513068835846152,17.341847284568214,38.96137342227173,21.050601729256417,19.16949281493317,25.216593959933103,26.43648540951923,18.55812092128401,20.161259791980463,31.28627919213229,25.625777218259145,19.025167027082517,15.84370829878787,15.37564119977059,20.17286761653324,31.064758489312236,25.64826200227004,22.42178286375102,27.005247327852384,28.628533869833973,38.19207422603036,20.993634316840144,31.16078817543312,25.568273067680952,37.01332985326848,35.08960675076035,30.456929201848133,30.58422503214489,18.778845753862587,29.23289295076657,28.084331850939936,25.11698300946766,30.23948740867994,19.172932718760308,11.13266764640565,27.8469903118574,24.946069082905648,25.087852638149105,17.253386585947325,29.378431199814443,23.30230371321346,30.71089075123209,26.800131667616416,26.594776132178715,32.00446687443183,29.444630813660083,21.912316850455667,26.438297669337384,24.58750689211286,16.514960018634937,23.533308999324262,26.5390421244538,26.1851454066218,25.058433762611763,23.42168161328447,33.82009901616067,32.20357566705528,29.778843888997013,30.67090548961528,29.54590777801253,36.24172932130663,15.389551593393104,23.416590069963775,9.366938549728935,30.829830805913712,29.00442108113475,29.066627201201477,31.943354309897664,32.49563257108367,16.996247870900966,37.67156249237623,29.88541753885277,14.933577349024567,16.562400832871415,22.330583269002453,26.95703080083721,18.30908141477286,28.832825503804088,28.385093422409348,26.17060474773309,29.14781738249576,25.64382634538498,16.69130602004487,30.43429186452253,23.397160419011406,19.132222670236043,20.099854106238737,18.07630627118616,28.004122560551924,30.03081764290128,15.163923398585444,21.486495288584237,14.041034450356085,18.167451671728124,32.28254846944246,15.015098651000208,27.178725235657897,19.66327045567676,19.70198041512139,30.270997972051177,29.25246155212216,29.07477435284209,28.132683767870738,24.253363539847143,23.437379113161764,30.87201732052031,27.578617366164387,30.77841576191857,24.389585393580106,17.22003519603299,24.991377039532196,29.09228204712482,22.353747344640297,26.447846444684725,26.83219930729852,29.153355801128367,22.60380893987284,19.879501190643577,32.612002090047575,30.254397365072084,31.798317693208624,29.499709823724363,26.886165918636102,31.00524979251617,31.43426562694541,24.70614918354403,24.65709079820066,4.418497536012206,18.794223385411456,11.068716989824043,24.634462034806948,24.982570291210653,27.10289339256043,25.469027699290525,26.244945091080567,28.1657725898523,29.67526021699926,19.31784557855138,16.960757701824857,28.18581664549553,30.661964680734837,30.24408017756363,31.22166707912704,30.02741268115671,21.791777559085173,32.411169772382884,29.29575561888368,19.19742063905826,27.478220697752764,23.402201729332862,30.76999027737044,26.770230770775036,33.71382901190629,28.18786726733794,32.24861049694434,30.4889459626703,34.175573587591785,21.394020636838533,19.4826731817681,28.01314477418873,33.54102974942716,18.143032619811773,24.620791459046696,21.169558886119766,28.79958604075994,17.64923235498132,23.822906179417824,30.53006411655117,32.115306831769466,21.725275073073576,28.378750815454826,30.833224720560164,34.31558716891777,11.943916343215388,15.016733324055473,28.025402352134414,16.103292761670986,26.57109999787964,24.572988116932997,22.791924500813685,19.99132464411058,16.64044526320691,35.82115345595379,32.10426958233794,17.040496186669607,23.3247513524158,28.241490106186838,21.50017527688121,11.241790964060938,26.696491786343163,31.03428855961557,25.63569160042338,17.27221684218005,22.247159693873467,31.63841444505889,32.73190671466908,10.582303303518708,28.637219788677463,21.304405957333696,32.69620750844792,24.285277518302838,29.03732968156562,20.575743998925937,34.200059583034914,10.746332612417373,28.69500093819186,25.803330411261715,32.8344547528945,17.48928771642016,27.01170606259595,24.186577494051978,30.465565395903617,23.10577852627141,22.51959170382022,27.793240490361036,29.8410834208915,20.03268845315712,26.677851649460816,18.63269140224524,22.27162866084043,34.40201523967388,13.745458413101662,13.134015696856553,17.382898755830002,23.382834216814206,23.591494334262844,40.79784690215821,19.60115184591687,31.464129263263317,34.67192140190632,14.670547457080858,24.454549955680847,29.88560361602513,25.781877021021728,20.819741235768376,11.078758913126473,27.14368348721245,24.20959951514256,31.283017012331303,35.97037506134976,32.02321136539095,17.64210983732603,18.79491646289912,31.9725839670008,21.322821918926525,24.925490264982407,23.69142396294516,18.98610068141245,26.983237587440804,18.03382402903435,21.269897942061373,25.948060574172715,24.80116123391342,31.75679852266736,23.60848050506072,22.975921256344986,33.39519642950452,26.538334559327044,19.86544010819631,29.895986529329956,33.952062965349306,32.32582676642244,25.46391779483155,23.929997414117487,24.326914777942523,24.495334057360463,27.30662366349232,20.73112309461273,29.098473220525214,18.670442101121303,19.30970594364901,28.797088985956847,26.801279450855564,27.214458925361207,26.315345294834145,25.822094990212246,20.9410152312144,30.313800970807296,31.05129383814156,24.397247612954,24.1160252600413,26.23276475667491,30.79750679488667,19.368794640605746,24.307547140608648,18.85242331663828,26.395797584250687,26.74109359740344,25.53429655681104,17.38222699929011,35.188589327300214,22.38694813332692,11.302317834805306,23.28740753374037,23.13176805772211,35.42418614272746,26.429439881226717,21.383352294195955,22.318087309394077,21.794010615865865,25.04504197836317,15.272241592534405,20.314886297066025,22.7443572785806,27.361229248500912,24.728926325095888,31.46159968726244,20.012788369651265,13.305835537076078,34.104939410231616,27.747295158195417,26.80612023941395,23.684860261041937,27.36282092157978,24.790538939252794,25.53225840625388,20.351940784802068,28.76275540351456,18.000015574017347,20.8397511881366,19.05398028640537,33.55529102098954,28.513075867386668,29.875079529950654,19.834136936743725,24.94572664406508,29.015914033192363,29.26818302894881,18.94895884603728,20.395042015270278,21.658739190174423,27.434617908442167,12.792593368160816,30.77442815200816,23.23374541177048,19.871239596819585,23.23597004016724,37.78179905009288,21.36784402807737,20.393329315560987,21.64180031432141,26.397789106148224,22.330868304064136,16.74322963496025,22.37926972721983,23.689780317025456,32.45793635505488,19.90277846949689,21.07884336324377,25.149443088191088,22.92418408759866,25.28750992927049,29.156488853239946,27.432323290303195,31.177640115696,24.47013547162885,22.126550079732247,24.511267820669023,22.159583183712048,29.708411498900787,21.55646849032673,29.45287542401039,25.868995723844808,27.671115747177627,18.948344206863577,21.725740479234567,24.256297154729925,27.48163600139815,19.89863184919972,21.043378238597395,35.01275016518235,24.71989039963448,,,,,,,4.5,0.0
,,,,,,,,,,,,,,,,,,,,,,,,,,,,,,18.424115183355685,19.211356972549996,20.90261195307125,14.03773523473917,7.399320345870003,17.719334193813403,17.777705433212777,15.030078159003995,14.817950589671549,11.30986503089012,11.54806401254219,8.796474737268946,20.953364562943644,16.014613914746764,17.714226686593168,14.918974532304167,17.105898179514078,19.56460879107934,16.57395607315752,21.132699047377827,14.12699499200904,14.62354579478408,15.63994041462794,10.26772214118724,17.181744617793377,9.12489524126596,15.383530255602029,20.122555014589523,10.165923007595406,21.93300112256547,16.473955798070392,11.801051365794349,12.7448418397699,14.514849062937245,13.99091171503296,12.840209264678723,18.322021415184132,15.262835272603176,14.86899039606634,15.85010405680322,8.402935675510081,17.66105802866586,15.805403416474194,15.153323000352987,17.512356571983965,13.363607352162568,10.49607688963638,19.41640009294634,13.817155434244556,13.400896333980738,11.240472641790127,16.372474454316325,10.283515318503692,12.931337493814407,12.211794774326869,16.085666394883052,14.229108232046393,14.099243596930055,15.49872147111573,14.937086237055112,13.038213012216069,16.09331682447205,10.14922362383951,13.799447649352928,16.471612155619503,17.303011289960644,15.826993822473383,11.327291705047998,16.7043214255052,10.406078791625248,16.289192421085666,19.98523209265637,12.4206929286021,17.290950747526693,16.940919353961046,15.34487895526578,16.26744749627035,11.715608142911424,9.254372268884614,14.39130646060349,8.849847302561997,20.063798024496368,16.212770705507594,15.926016368876,16.868718836737795,12.57801099198754,12.46548689371366,16.93951563486423,16.572741606306874,12.92845593149486,15.976781819322111,15.990022508211704,10.222111119061886,13.836689365088764,17.19772462671278,12.315713440366288,17.44670004831127,16.970261207913605,19.70403376093396,15.246067790042652,11.490586092572174,17.007748802502018,17.096798423356834,18.66290697289173,11.997927583939829,13.60749458917027,14.582543718060654,15.556453643146217,12.457591286404137,18.74166223805292,9.59977398709707,15.859612577732948,11.391774518449129,11.451736842436665,13.880025617183955,17.50259277986218,16.225120214813188,15.828499814295045,10.207363385051858,12.697714019312624,15.219575173223031,15.811813098206478,10.116011890305009,16.530448359149467,14.71711193661599,14.681788280523714,16.99180839890154,10.115382638116412,17.863690115939992,12.820973821911435,23.381179875963834,13.884615884839471,14.32802988105749,16.312525885250327,15.453478380411674,10.909492194520288,12.806422894827188,19.5496879639123,15.169489744347189,13.090269120611689,10.603693692025384,10.677491764947444,13.764046530526034,19.40470861146837,15.881412700579048,14.201146475644798,18.1271132544083,17.76025714216052,22.63500304817058,11.712045050283226,17.80676470898962,16.339608266591625,21.40048607329715,19.27232981767024,18.19917566147509,18.704342837793824,11.45917830395842,17.28352157319717,15.744785042760354,16.05290333307083,18.13171319900988,11.121193990646091,9.829230992666457,16.15765203449694,13.607865351313569,13.023923858787096,12.594966962374327,16.24579242382187,14.00432255322594,18.020385041280267,19.344357265359136,15.059986994423804,19.06958605456692,14.89508390937598,12.673852921814143,16.720190656108525,14.704535584223471,10.030126849968866,12.21721423295823,18.58384213682841,14.457459499309197,16.112543058618915,15.702055813274216,21.57074656656433,18.14574868828493,16.527618458694764,17.508607419135245,17.471406360897426,23.96576147764999,11.62448829646097,10.25462540031582,9.640717600783596,20.573424511607374,16.90540224592914,17.459063962995856,16.089690414450324,20.049577366390555,10.63965550891417,22.100405604862367,17.6488905771868,9.746369968802473,9.704674877027664,14.424361970343906,16.186898909494968,11.98180019417318,15.502931375085868,16.96419980936305,12.455770590080116,16.86340978784788,15.81302637105204,12.403688759512493,20.019058765592128,13.03558611111821,12.852061888322892,12.129655073921713,12.267515186450062,14.962937149524713,15.89567117368534,8.473063770990082,14.151899030466565,9.280943271681432,10.84731543541922,17.814363980209727,11.639712890009452,17.88949584522878,10.658250361193604,10.63097850221739,18.127056355519997,17.224280768008946,16.98433009749089,16.225285579118264,14.482333094708675,14.296223247408443,16.07821864644331,16.18639714023271,19.39872946392116,14.306713332946996,12.158696578077226,14.494732342727367,16.215829041415116,13.091630338296518,15.9721933539344,19.15722617249473,17.617425404193323,13.304761385838438,10.805641024840444,18.477226450993616,18.40936280195372,17.755480516428676,14.974815284633516,16.211146673817296,19.75951173493377,16.13484323346686,13.993748052440022,17.18857990278125,5.365833495901037,12.743352221557284,6.757749719338225,15.641538990283353,16.876494756378435,14.900877239631807,16.399597122922025,15.782311075972398,15.558290227910309,17.063951895150147,11.834841077496945,9.243324178640776,16.824922630436426,18.297758658734104,14.749512650082526,19.48853448161112,17.816791940507017,12.974590235034832,20.48915494974032,18.736569140687443,12.69444620548436,17.151663997648633,12.308564163167622,19.1273397702679,19.26131102764413,20.35167817750904,15.069137452173928,18.924443329176192,16.708168409787262,19.00544328928296,13.509426117475238,15.594438196497062,14.481574921589196,20.329630385697023,11.177048564308793,15.736066952176012,12.70466061630859,17.568689544066594,12.229952279996487,14.455648339623917,17.233805745591688,19.2024075564762,13.745860571595555,14.430420380285126,19.23414300309281,18.377115707028928,7.414458866694436,9.31934601292244,15.982957799777928,8.58436349542807,17.05760864494769,15.718795156557649,12.370349760260712,11.7617789932222,10.727740091536123,20.407705211639385,18.03040685881272,10.3079449056049,14.64973210971506,15.023934294231072,13.816594514391957,9.13500562714102,16.18392603483829,16.133726375694845,14.175747507298848,11.878897133561663,10.864516473434543,19.828450530375136,18.440848780223224,6.394549971914027,14.395267486515102,12.83973341149484,21.102308007372848,14.52896104935191,16.64502180901864,11.967741594273985,20.287031377262007,7.425279710693432,16.899846016796825,16.71358168845371,20.35574110703165,10.835897110521248,14.739566623271116,15.618097443866304,17.082205695027135,14.105605190709175,14.019586096971397,18.152414999708466,16.01722234179842,12.633945275744637,15.693570108933866,11.658294547986095,16.585495314326632,19.79584202386032,8.963812510539341,8.881665375175862,11.026861713819978,13.579492970285418,14.14666719103346,25.3636137002064,11.003690723859012,15.824284502782662,19.18575561291982,10.594191849161913,15.720787802491452,17.73724933816129,18.76597063347573,10.982053065650309,9.477677075163166,13.717578221338686,17.72012447241182,17.01781248759934,18.883793837851847,16.947576093813634,9.42521728829262,10.710693313577712,16.591232045743205,14.562269529720934,15.538426870674678,12.958735771351645,11.690126968548666,16.35127980048904,10.9932773520167,13.979169929204735,16.5666101028314,13.785737431435235,19.87265977410771,13.6590338417705,13.776943278911531,19.85693872522737,18.617569877039205,13.68005085013677,17.385486932774764,19.435162005511685,19.81253870620555,15.14725793346513,14.969918213741304,13.135607136008364,13.982139975919385,15.4086793837273,13.478215062340963,17.544740909248848,14.041312352533268,13.84005123320884,15.841407539047136,16.80566109272738,16.820437068411305,14.908570811515784,14.190740271287767,14.524812259509734,18.91820049342577,18.08645009770381,17.942578582133976,13.428399663655188,16.748798649334013,21.008175046983755,11.57686385556446,17.716022177096615,11.101251560997218,18.045000895618777,14.324744252368042,16.097002276725515,11.001278546019805,19.619322980841517,14.25488755368892,7.8262404908948096,10.759687191937552,16.697742291461235,19.586497683059285,15.703949089293015,11.534734411663006,16.98715395054692,12.373280025979753,15.064344108964605,11.449960661586433,11.20198703155277,12.848659647802648,16.581291323635924,14.731566106062152,17.280846456434475,13.204070088612044,11.033027277158906,17.77490038190149,17.688139729526434,16.72966235779727,12.09951924939496,16.02209147272057,14.85247131151819,17.94687220173392,12.21150141537352,17.877571797282783,11.419354150076598,13.31590760660866,12.209623193159786,17.606994649523752,17.395029290574065,16.15787247448772,11.546471310120529,14.184439711154791,16.183481152710154,16.959832143188766,11.8142068272757,11.799641397049768,12.580594106059516,14.538164138401296,7.616908462166319,19.52860843322132,12.156830696758869,11.406934432003547,13.879661986786656,19.93174492376349,14.693435086142156,15.66538103602946,13.957213731631184,18.60490353914004,13.958933139276027,11.672656310458814,13.122871331219702,14.638199751656636,18.167721989076725,12.830856895442633,14.210015110790918,14.285482495717131,10.59735486853678,13.4135070940984,14.694436113037185,18.69943737327152,17.061954474884278,13.826386800665231,12.780571249535662,15.972521207655594,9.496504103521511,17.64687982617062,10.47229946950485,15.71328903540961,14.580587874012354,16.64847197739296,13.02345318872106,13.335990098699854,13.318537092483568,17.893979319376797,11.656066941118702,13.985207258818436,21.64228726628824,14.916778741869669,,,,,,,5.1,0.0
,,,,,,,,,,,,,,,,,,,,,,,,,,,,,,5.589289481511498,5.943992008042339,6.775372555209428,3.518284572817864,2.3458296599043083,6.143281225088085,6.259055231732463,4.600010870428698,5.212970098190284,3.863661542270434,4.197897693615501,2.70194779411233,6.703171896159561,5.7785417101146,6.298150742768925,5.07556665080648,4.892223036034428,6.561968082259791,6.4477747909415495,7.320801700424661,4.82432589048168,5.108525739350892,4.862413025020605,4.335237323628055,5.792194127779994,2.83986421085185,4.958124361356509,6.658315269937302,4.005380416251622,7.3622688037638095,5.862980821847485,3.65222532583942,3.66742546082461,4.548301223527046,4.693664224659521,5.258508118013961,6.635799905665165,5.2540248441979776,5.070858845707029,6.303366069379885,2.698907165952198,5.276178931201658,4.9026805292744005,5.296337168819555,5.37057593677364,5.14398167594414,3.264375995100732,6.412045039544255,4.811849672730676,4.564988763769148,3.859697107246849,5.87238161136037,3.0720210063979208,4.401009204813754,3.966944294363403,5.574839933919326,4.683695850594308,4.690219500284299,5.276320769669734,4.819641728784489,3.864042592368632,4.976918752210214,3.2508631939932844,4.720078088502232,5.039078857471303,4.9509280899505175,5.649593299017769,4.120096430441827,5.129646941524135,4.060592315921443,5.939693912256608,7.366614217489986,4.065282918934691,6.133484604117738,6.231199044931017,4.8468374057728845,4.568699396296871,3.703814807663768,3.342094292613831,4.175436628893699,3.648020457753556,7.582869594463756,5.421319890279754,4.865125068447323,5.814134024229407,5.125953284578559,3.736255414415793,5.490317877216554,5.291125585573808,3.9562163454744126,5.38442954981075,5.3821036417977215,3.914551673061576,4.950837297009911,5.7064971001786535,4.207660522763274,7.135843699131699,5.7640825585772015,5.881697849776399,5.271872927848573,3.6980015446920618,5.884625518105858,5.987304923108797,5.594289008454981,4.806848565256007,4.631390209931924,4.986257204355228,4.539699280814247,4.281165960954805,6.263440804756062,3.9878516399781407,4.3567694985453365,3.319378837659727,4.294786355166357,4.363167503817536,5.706145714144285,5.2429260983822505,5.80606306008794,3.956132002476541,4.172133818326661,5.213286678503303,5.848455268780073,4.070921917455742,5.084030778779093,5.177888133865961,5.252773704381567,6.104727733805733,2.9402570888806774,5.628621879513137,4.857748612442407,8.107173575024746,5.185698393028783,4.970180314271017,5.205589560834767,5.472903637423345,3.581203113098694,4.990388442369867,5.741243203239367,5.357306444662972,4.6964085736050665,3.35887702240134,4.458010961453288,5.002444186508561,5.7762739827805305,5.06292448250527,5.007875203798452,6.014295492109197,4.732204891558173,7.035302593488194,4.449542240491163,6.099962992028778,5.470780811767481,8.18294450498945,6.568174793418784,5.640398617001678,6.406784727783226,4.362531591680492,6.046249076728314,5.7905991024529975,5.386373718973391,5.743087106738534,3.963878742215337,3.866851060778332,5.337975524459374,4.481373622304282,4.843278674941539,3.946806852071043,4.448689848120452,3.986152652494949,5.270707882949003,6.313818594272131,5.0790943557177375,5.629187860724104,4.766245692394189,4.552214784919305,5.861192765000891,4.454580980061823,4.726690308996606,4.439254915141177,6.380995423418141,4.649140548096589,5.475919719470195,5.339476661286858,7.105741869189042,5.022908005214823,5.861944994587946,6.125426790984788,6.128987429911383,7.94685778196947,3.150921224462575,4.08830121928712,3.8845855555179782,6.574646513918131,5.01137638268009,5.5184703223550695,5.195707395637964,6.960124120259843,3.2048881036986687,7.17462545478794,5.157696009988952,2.9908540329446653,3.123401364126398,4.531464194044487,5.596645697392542,3.714452881818096,4.584673721805288,5.592961687589568,4.940042318097852,5.979660024578692,4.847656064067844,4.759641726218056,6.222950249718611,4.941421493770824,3.571208964901837,4.538637337819912,4.519570290868308,4.917586958560652,5.515999283436351,3.7713873523708754,4.977070131044146,3.073542819912054,3.753490011513772,4.7431074351731,4.018750904373364,6.119991305122986,3.517225798130132,3.155123619803911,5.61963337717477,5.701062404595007,4.852104637943608,4.87829169072364,4.773499545988395,4.3841962113701305,5.454201332475661,5.648737710949328,5.595751589707525,4.942110286115909,3.657286417976544,3.929323586732332,4.995275975322545,4.512079762442201,6.182037044277068,6.175649287138505,5.050212806879414,4.50095050561491,4.778014269200022,5.497244465636138,5.105526057603323,5.958007617842036,5.011499135144801,5.2137326814911,6.291537388019912,4.915643763687865,5.09996988677372,5.09568975455743,2.416964626131181,4.072546345155127,3.075277535859706,5.769586611827736,4.915640409354005,5.174621767840013,6.1545356372616045,4.577559638762886,4.296143573997249,5.275139788290506,4.341817804572501,2.831364522162225,5.346881961604264,5.826441428210401,4.936117306150456,6.894952849581946,5.846838144272568,4.938365682912062,6.041264850870151,5.935951060188968,4.548123881818987,5.5426835319136005,4.044986261986495,5.981667833619376,6.899170672241938,6.099085711525993,4.227268765475056,6.373483623023387,5.780921500445451,6.580650126790855,4.654460165896131,5.251901584522736,4.653927817517552,6.204713061844533,3.515042545257297,5.291012081441121,4.40658752888517,6.639513823425121,4.709817887855719,4.02584271022169,4.944604461289378,6.612011967937877,4.783984102005029,3.738030721047374,6.0129933048803865,5.627906467932703,3.007741780120809,3.545920118002412,5.022510582124482,2.8133055419254074,5.790453215599218,5.348417692795634,5.204071370419427,4.317990669512396,4.08984509559872,6.826328641818815,6.225684834150604,3.1051441050395074,5.549433056534387,4.65137817610692,4.547698001001335,4.7509674767938606,5.64343550111178,4.824003731706606,5.672255924370888,5.6707054397229175,4.177485869618201,6.320226933534842,5.296253780354653,3.709532733526317,3.566811939605357,3.759299035588067,6.174262960353051,4.821785384209036,5.61657368156239,4.363525247390399,5.982192694648538,2.716784403687189,6.054512790305245,5.0583453265576335,7.147219612710013,3.90265925959934,4.595400220630121,5.648859641115957,5.11506176879021,4.2632142739575904,3.919538145018104,6.497274043599064,5.202893991546209,4.100679202397586,4.756523833277983,5.07485291853015,4.746694006060604,6.58452440230339,3.2380629034941726,2.9171747032490645,3.375695241765607,4.877518218532656,5.657237187598501,8.17265615186267,3.9236409412045714,6.055955930640935,5.754510621170383,3.895675418262962,5.213968147205778,6.15554303946475,6.233871684318796,4.461805195806936,3.108282913719045,4.806823667722439,6.407638285769023,5.138572428608995,5.82965571568862,5.211705179420082,3.760885550350044,3.671807133385575,5.446638919969324,4.862554951581323,5.846398297264565,5.281865134457443,4.260600070927614,5.550953617802049,4.108385244088771,5.001115255263835,5.9809448221011525,4.386708782618015,6.207968705987562,3.961799836055437,4.151095763062393,6.623235827380533,5.539721375661161,4.33952195543625,4.850607414867146,5.900817948311236,5.972072362096376,4.213194990633837,4.7309024464712,3.7398793287067855,4.472902731534799,4.071045405963909,4.643967557478786,6.1523136129113976,4.392782572611242,4.435317850784004,4.822861079622164,5.557524041234686,5.773450172547555,3.99419741126629,4.220076346864055,4.246329776011708,6.165357714172858,5.697442546453106,5.63746965745665,3.889756448312279,5.164686562882926,6.366763209694312,5.10623995335229,5.888453253387532,4.013467195181998,5.841626078225861,5.606961894624149,6.052765858523252,3.7883938300896514,5.686508458567233,3.9952864580384686,4.399757466749492,3.2845579700137923,5.963384947733524,5.283897944638531,4.959700205131433,5.080160312567676,5.406067246845796,4.080851543887565,5.557529645837676,2.836360870004287,3.1541645056299297,5.730270881544969,4.323748373829086,5.219858355038652,6.227812024527712,4.601988839376507,4.550268693722028,5.337586099866416,6.217145041150138,5.239941323985008,3.814232671352928,4.810801067086585,5.063874934028711,5.685028883006789,4.889434006187838,6.434672916452008,4.026172066538795,5.404462934128741,4.076771333403245,6.259285337329413,4.890651222943207,4.495680035873698,4.69407627253227,4.678339560065926,5.982117919654566,5.730104554664443,4.34517663313464,4.166115371730169,3.6978175905475776,4.753129017183305,3.817855669658776,6.214441957397188,4.065069892261862,4.137790524399259,4.813970389221851,6.551940027343268,4.886571545877894,6.427376665813953,4.072044909531167,6.0847809929745145,4.940529233240008,4.517055417874911,4.353974227337281,5.287990923667466,6.073937400706426,3.7821278780940526,4.304419005589369,5.817911452234949,2.7808051489398657,4.709649458337164,4.066212946981333,5.883388228670673,5.320797350619309,4.00602521739885,2.855097743755952,5.10404023347744,2.854580619879674,5.563500489263311,2.914400282212235,5.5179474982801455,5.649539743209062,5.417282928755684,4.704154876872497,4.552748230374268,4.462700284470714,5.894015289382929,4.075997448513869,4.627974806800169,7.232278506270057,5.654559213231929,,,,,,,5.4,0.0
,,,,,,,,,,,,,,,,,,,,,,,,,,,,,,2.4309517837734864,2.220740156292805,2.4331513630212966,1.3746396535665544,1.2040861895203516,2.294199645639674,2.540134323853631,1.9024958401961392,2.096284918834747,1.93283099661279,1.9017082662755669,1.2525198376234652,2.142217122092817,2.4073105222914037,2.302237702381496,1.8225219477458223,1.8912509940702047,2.1547092811898576,2.3375972339996856,2.724791435873132,2.040770199524045,2.068885737207152,2.103029373282588,2.060580689960828,2.1564552823923875,1.3083510204336477,2.158398581398406,2.388655051226287,1.8334873125198947,2.849255022463078,2.4650243479083205,1.5409587999377845,1.7584179069829813,2.041889971482227,1.8598969238254757,1.8092431824406765,2.904458226150477,2.197947149884849,2.0787332604282063,2.7940190334388277,1.5159101561691672,2.188374629237464,1.9174621347290337,2.21984535662026,2.2487332268942133,2.129923175830242,1.4668980788956154,2.208910365396125,1.970491983819453,1.754136686977174,1.5923840390500104,2.2378510839043337,1.2787426737617718,1.694773104434558,1.81848160840772,2.047423176499298,1.7765233347187328,2.264814487626614,2.181124789134139,2.076601196581872,1.263294499431146,2.168566577990977,1.1848674088775193,1.7980291441879386,2.388871598182756,2.0401387797710533,2.1604584665940334,1.5221547453103423,2.0286403357814304,1.4597775336712835,2.5403933003725307,3.120688958854818,1.767933511441758,2.3177380937977485,2.500327863895067,1.8550408388680035,1.599397529939702,1.6693160405360752,1.2641810054515945,1.8762418850876543,1.7144925811186322,2.675516574383737,2.172943967552861,1.945127539709557,2.7080131104492127,2.3659767047450866,1.5136086811655347,2.32106742052843,1.990643667074608,1.492596890909848,2.53803344079616,2.407902095304,1.8091072483504784,1.948660669750628,1.8706630198810683,1.8279812867605991,2.6459393296657288,2.3557924974729234,2.117611984432961,2.1233578830941133,1.5574508202595294,2.02006475716876,2.676061822871646,2.327417605926883,2.057963074851477,1.7287816233985762,2.33323072289947,2.165269355555811,1.650296278929248,2.2810930206504727,1.520059236595262,1.7089439431316058,1.544475111983904,1.971571164435454,2.08596908594816,2.1824113134519005,1.9829859804719847,2.479414581732552,1.913601065398112,1.6244991525929553,2.0504668936562997,2.122638130970947,2.093763813011462,1.9194087932901376,2.274424328070608,2.161054464652226,2.4178841942734657,1.3187318084653286,2.00644270651825,2.2739207002118818,3.000611494519829,2.1191979801771064,2.1209575404228493,1.8373519116786432,2.298725274644645,1.3293647375863442,2.3402467239922484,2.3030816558634,2.074319404989021,1.8514027921370424,1.452285259679698,1.6719747277995998,2.101100634286655,2.331406308462155,2.084565773945987,2.1008378733486803,2.6613695593566016,1.9205599348091495,2.6337367065448394,1.8033683526623177,2.2914161363064163,2.173762920300334,3.306112992057185,2.977239236449813,2.2959532665815434,2.67044668551943,1.631041008878066,2.3515020212976987,2.376825071904061,2.5087988890932857,2.0899395465592563,1.6764403062799664,1.3291534045956257,2.2511286611076358,1.5584741768876658,1.91017003578008,1.933770068608256,1.7119621351410304,1.5986589943351126,1.771397527542812,2.491151683194146,1.805402175770916,2.357050057057469,1.6348629902800769,1.722298842325246,2.598461963471821,2.078071349561956,1.6238465697383369,1.801885183106488,2.286793309398377,1.818190829807909,2.1027797794674785,1.7259050756169445,2.7048391842857207,2.092731626519756,2.2736547637410083,2.4809040457346967,2.489118863064431,2.793281320598736,1.3851189413442797,1.668892076695245,1.6702261845301398,2.597551173152614,1.769347712408163,2.164284732869703,1.9609635646546204,2.402956512669705,1.5585860920124703,2.321277783463168,2.052679433286887,1.6328597408032803,1.2782145324806715,1.581325547778772,2.234839375112215,1.5290108406019147,1.561619366979893,2.083033871129729,2.183105333152256,2.2878323475608147,1.9201781102732245,2.1880853083996623,2.475684883286269,1.9762065233061952,1.4472588527422894,1.823143245079488,1.9311444882043869,2.2027031264167984,2.47965968118562,1.7635911905881,1.8373115729609435,1.4373625675455846,1.6790484544214102,2.0746331844673347,1.4692091429715863,2.350611091828778,1.3738743068332808,0.8455757291955592,2.4924924956253234,2.0649501993824435,1.6605952859090791,1.8627577173861152,1.8379305430131403,1.6381098626694013,2.3498055458863,2.5318232153458986,2.2876895596589306,1.8422078828160688,1.329660658093882,1.83267294207792,2.068516741616219,1.6233715517171508,2.321842309585081,2.363237768506591,2.033069836063665,1.5813188608704496,2.238865120622047,1.9587964229280292,1.8615633847888555,2.331421795084893,2.149837318798371,2.021481392963888,2.309393101898777,2.128284677839076,1.894904419781312,1.6353105676969035,0.9589721323519128,1.581696937852299,1.7855971476177666,2.0252221542980777,2.01910211191624,2.305447099732313,2.600088574480206,1.820143672475505,1.8388526174403543,1.9572832823589243,1.8908684345684827,1.2707014723261958,1.900563682278293,2.447586626206578,2.180180644775801,2.860377097335284,2.301655595016078,2.0378040348665656,2.552073150072436,2.037442127270841,1.9657495628055488,1.8831507813046573,1.581251768127149,2.41639175210976,2.5169585994779387,2.5584922120173896,1.5819908151839368,2.3961454292110687,2.30076761558588,2.2740941201554548,1.7328386458027571,1.9266571949660356,2.23714836829238,2.6100256859334405,1.5428190334029777,2.2726390935240777,1.7048811565320752,2.453696123987245,2.186653084129206,1.61080377927216,2.063918467260601,2.5298720473269647,1.850535745628949,2.1902383118860262,2.1618005281995583,1.9443337297122376,1.16366931628746,1.496695420670343,2.154787992456908,1.1012247035122191,2.332504212855302,1.9387952615845216,2.546158173592329,1.6756577183412844,1.8692434754925464,2.676398046560252,2.43748669949942,1.3947755082252038,1.9886148392796263,1.61584903117932,1.8695656049002745,2.044922335852726,2.2221072882398247,1.8058154016878505,2.3842615774543727,2.818095699307644,1.6307618233970853,2.334988467640444,2.110912761985163,1.3526716060556985,1.6442123506602118,1.143529302025897,2.406874790381785,1.791302332329208,2.0839832175576567,1.4299310658268922,2.38033284432716,1.0397263642375452,2.4070054049344245,1.845638561769948,3.040048195701518,1.6178323497402278,1.5955113677182835,1.9455221660648416,1.9731064954424744,1.588020437240525,1.8827551968693697,2.473484470836596,2.17861851585972,1.9156889035212576,1.9480263600005765,2.104801836002305,2.0044940191706444,2.5929791182773814,1.7277544876205444,1.5335627887017893,1.3336268186598403,2.0161891463764614,2.2349473167940346,3.1672080104671805,1.346425060323625,2.3991305552360784,2.2901460601006347,1.62635070391147,1.9472552075054284,2.4429615577452912,2.2270874134594294,1.848707205375557,1.1478206994596325,2.0335885782259897,2.823172353260758,1.882845321237212,2.26076778493727,2.155183829130406,1.652169007123403,1.7252983484789404,1.9900020727673635,2.2701708936873373,2.081324557861434,2.342502518846047,1.7463078132787282,2.409321880452196,1.926096330177103,2.166603227687004,2.2943698042566103,1.8538184677039045,2.262110008508346,1.9203964659183383,1.5294352918282967,2.345047905438668,2.171361584001536,1.7996593114310664,1.473723392100121,2.364007802007543,2.0412870844975366,1.693712069873733,1.876468005212709,1.6395920549651115,1.7892842843271357,1.3055704081944055,2.129372422181832,2.337915432380074,1.5951484470034334,1.7629197439354465,2.113095393253728,2.087407239421465,2.497781041301847,1.5207903135635732,1.608048292510438,1.7754147491053194,2.5066997928132397,2.115252325870682,2.2789484070186785,1.7233488096306029,2.2563219675679527,2.431340425249078,2.560611344931651,1.954320519299384,1.5690359402353422,2.443443137591566,2.0544740232630763,2.36876141463115,1.377148013939753,2.350856018500514,1.7815329735048864,1.5867471767967756,1.3786473331786784,2.265588121643232,2.1761749814117075,1.9087071105031552,1.7981256131950358,1.9719450576510047,1.6359049449451453,2.173692881727954,0.922890290388184,1.2085778740017046,2.4678609807682124,1.7346967832553315,1.7978853286046743,2.639601515678597,1.8953504534316257,1.6396385411726702,1.826419851930508,2.6898335619626264,1.9399657290853292,1.4833528232622395,1.8806091387438304,1.7792824040472146,1.896031328497912,2.018089318253211,2.4740686425109324,1.6245276404459523,1.8928833493102395,1.4035118822369173,2.312828565959112,2.207255602834263,1.845100590130597,2.0257394723074533,2.12089923407024,2.22516103433102,2.0931280280127327,2.159420363820385,1.6883711355816853,1.5811961572969822,2.1809029380780256,2.0134264803922304,2.2655874136279603,1.3892177443411,1.609184745011193,1.87383727172156,2.643761203215872,1.9798918919264743,2.2565041937820856,1.7333523242783748,2.432378455021445,1.964529310154742,2.0985141444887208,1.4158173024427938,1.965556075019842,2.242690376284457,1.742666595558621,1.7837385115324988,2.0841797696678386,1.1203067250643777,1.8494257584134357,1.504385914884232,2.396325605190026,2.1061765356412,1.7479662102858866,1.1638780786438765,1.774394797865299,1.3831597651448604,1.908815895267161,0.9773817172460786,2.495005559730461,2.158476981947892,1.974983549144168,2.0433945037908607,1.830842296430498,1.642647934022141,2.637268761515412,1.608710351864532,2.296092844503819,2.198930742882543,2.390845780775395,,,,,,,5.9,0.0
,,,,,,,,,,,,,,,,,,,,,,,,,,,,,,0.0,0.0,0.0,0.0,0.0,0.0,0.0,0.0,0.0,0.0,0.0,0.0,0.0,0.0,0.0,0.0,0.0,0.0,0.0,0.0,0.0,0.0,0.0,0.0,0.0,0.0,0.0,0.0,0.0,0.0,0.0,0.0,0.0,0.0,0.0,0.0,0.0,0.0,0.0,0.0,0.0,0.0,0.0,0.0,0.0,0.0,0.0,0.0,0.0,0.0,0.0,0.0,0.0,0.0,0.0,0.0,0.0,0.0,0.0,0.0,0.0,0.0,0.0,0.0,0.0,0.0,0.0,0.0,0.0,0.0,0.0,0.0,0.0,0.0,0.0,0.0,0.0,0.0,0.0,0.0,0.0,0.0,0.0,0.0,0.0,0.0,0.0,0.0,0.0,0.0,0.0,0.0,0.0,0.0,0.0,0.0,0.0,0.0,0.0,0.0,0.0,0.0,0.0,0.0,0.0,0.0,0.0,0.0,0.0,0.0,0.0,0.0,0.0,0.0,0.0,0.0,0.0,0.0,0.0,0.0,0.0,0.0,0.0,0.0,0.0,0.0,0.0,0.0,0.0,0.0,0.0,0.0,0.0,0.0,0.0,0.0,0.0,0.0,0.0,0.0,0.0,0.0,0.0,0.0,0.0,0.0,0.0,0.0,0.0,0.0,0.0,0.0,0.0,0.0,0.0,0.0,0.0,0.0,0.0,0.0,0.0,0.0,0.0,0.0,0.0,0.0,0.0,0.0,0.0,0.0,0.0,0.0,0.0,0.0,0.0,0.0,0.0,0.0,0.0,0.0,0.0,0.0,0.0,0.0,0.0,0.0,0.0,0.0,0.0,0.0,0.0,0.0,0.0,0.0,0.0,0.0,0.0,0.0,0.0,0.0,0.0,0.0,0.0,0.0,0.0,0.0,0.0,0.0,0.0,0.0,0.0,0.0,0.0,0.0,0.0,0.0,0.0,0.0,0.0,0.0,0.0,0.0,0.0,0.0,0.0,0.0,0.0,0.0,0.0,0.0,0.0,0.0,0.0,0.0,0.0,0.0,0.0,0.0,0.0,0.0,0.0,0.0,0.0,0.0,0.0,0.0,0.0,0.0,0.0,0.0,0.0,0.0,0.0,0.0,0.0,0.0,0.0,0.0,0.0,0.0,0.0,0.0,0.0,0.0,0.0,0.0,0.0,0.0,0.0,0.0,0.0,0.0,0.0,0.0,0.0,0.0,0.0,0.0,0.0,0.0,0.0,0.0,0.0,0.0,0.0,0.0,0.0,0.0,0.0,0.0,0.0,0.0,0.0,0.0,0.0,0.0,0.0,0.0,0.0,0.0,0.0,0.0,0.0,0.0,0.0,0.0,0.0,0.0,0.0,0.0,0.0,0.0,0.0,0.0,0.0,0.0,0.0,0.0,0.0,0.0,0.0,0.0,0.0,0.0,0.0,0.0,0.0,0.0,0.0,0.0,0.0,0.0,0.0,0.0,0.0,0.0,0.0,0.0,0.0,0.0,0.0,0.0,0.0,0.0,0.0,0.0,0.0,0.0,0.0,0.0,0.0,0.0,0.0,0.0,0.0,0.0,0.0,0.0,0.0,0.0,0.0,0.0,0.0,0.0,0.0,0.0,0.0,0.0,0.0,0.0,0.0,0.0,0.0,0.0,0.0,0.0,0.0,0.0,0.0,0.0,0.0,0.0,0.0,0.0,0.0,0.0,0.0,0.0,0.0,0.0,0.0,0.0,0.0,0.0,0.0,0.0,0.0,0.0,0.0,0.0,0.0,0.0,0.0,0.0,0.0,0.0,0.0,0.0,0.0,0.0,0.0,0.0,0.0,0.0,0.0,0.0,0.0,0.0,0.0,0.0,0.0,0.0,0.0,0.0,0.0,0.0,0.0,0.0,0.0,0.0,0.0,0.0,0.0,0.0,0.0,0.0,0.0,0.0,0.0,0.0,0.0,0.0,0.0,0.0,0.0,0.0,0.0,0.0,0.0,0.0,0.0,0.0,0.0,0.0,0.0,0.0,0.0,0.0,0.0,0.0,0.0,0.0,0.0,0.0,0.0,0.0,0.0,0.0,0.0,0.0,0.0,0.0,0.0,0.0,0.0,0.0,0.0,0.0,0.0,0.0,0.0,0.0,0.0,0.0,0.0,0.0,0.0,0.0,0.0,0.0,0.0,0.0,0.0,0.0,0.0,0.0,0.0,0.0,0.0,0.0,,,,,,,6.4,0.0
,,,,,,,,,,,,,,,,,,,,,,,,,,,,,,0.0,0.0,0.0,0.0,0.0,0.0,0.0,0.0,0.0,0.0,0.0,0.0,0.0,0.0,0.0,0.0,0.0,0.0,0.0,0.0,0.0,0.0,0.0,0.0,0.0,0.0,0.0,0.0,0.0,0.0,0.0,0.0,0.0,0.0,0.0,0.0,0.0,0.0,0.0,0.0,0.0,0.0,0.0,0.0,0.0,0.0,0.0,0.0,0.0,0.0,0.0,0.0,0.0,0.0,0.0,0.0,0.0,0.0,0.0,0.0,0.0,0.0,0.0,0.0,0.0,0.0,0.0,0.0,0.0,0.0,0.0,0.0,0.0,0.0,0.0,0.0,0.0,0.0,0.0,0.0,0.0,0.0,0.0,0.0,0.0,0.0,0.0,0.0,0.0,0.0,0.0,0.0,0.0,0.0,0.0,0.0,0.0,0.0,0.0,0.0,0.0,0.0,0.0,0.0,0.0,0.0,0.0,0.0,0.0,0.0,0.0,0.0,0.0,0.0,0.0,0.0,0.0,0.0,0.0,0.0,0.0,0.0,0.0,0.0,0.0,0.0,0.0,0.0,0.0,0.0,0.0,0.0,0.0,0.0,0.0,0.0,0.0,0.0,0.0,0.0,0.0,0.0,0.0,0.0,0.0,0.0,0.0,0.0,0.0,0.0,0.0,0.0,0.0,0.0,0.0,0.0,0.0,0.0,0.0,0.0,0.0,0.0,0.0,0.0,0.0,0.0,0.0,0.0,0.0,0.0,0.0,0.0,0.0,0.0,0.0,0.0,0.0,0.0,0.0,0.0,0.0,0.0,0.0,0.0,0.0,0.0,0.0,0.0,0.0,0.0,0.0,0.0,0.0,0.0,0.0,0.0,0.0,0.0,0.0,0.0,0.0,0.0,0.0,0.0,0.0,0.0,0.0,0.0,0.0,0.0,0.0,0.0,0.0,0.0,0.0,0.0,0.0,0.0,0.0,0.0,0.0,0.0,0.0,0.0,0.0,0.0,0.0,0.0,0.0,0.0,0.0,0.0,0.0,0.0,0.0,0.0,0.0,0.0,0.0,0.0,0.0,0.0,0.0,0.0,0.0,0.0,0.0,0.0,0.0,0.0,0.0,0.0,0.0,0.0,0.0,0.0,0.0,0.0,0.0,0.0,0.0,0.0,0.0,0.0,0.0,0.0,0.0,0.0,0.0,0.0,0.0,0.0,0.0,0.0,0.0,0.0,0.0,0.0,0.0,0.0,0.0,0.0,0.0,0.0,0.0,0.0,0.0,0.0,0.0,0.0,0.0,0.0,0.0,0.0,0.0,0.0,0.0,0.0,0.0,0.0,0.0,0.0,0.0,0.0,0.0,0.0,0.0,0.0,0.0,0.0,0.0,0.0,0.0,0.0,0.0,0.0,0.0,0.0,0.0,0.0,0.0,0.0,0.0,0.0,0.0,0.0,0.0,0.0,0.0,0.0,0.0,0.0,0.0,0.0,0.0,0.0,0.0,0.0,0.0,0.0,0.0,0.0,0.0,0.0,0.0,0.0,0.0,0.0,0.0,0.0,0.0,0.0,0.0,0.0,0.0,0.0,0.0,0.0,0.0,0.0,0.0,0.0,0.0,0.0,0.0,0.0,0.0,0.0,0.0,0.0,0.0,0.0,0.0,0.0,0.0,0.0,0.0,0.0,0.0,0.0,0.0,0.0,0.0,0.0,0.0,0.0,0.0,0.0,0.0,0.0,0.0,0.0,0.0,0.0,0.0,0.0,0.0,0.0,0.0,0.0,0.0,0.0,0.0,0.0,0.0,0.0,0.0,0.0,0.0,0.0,0.0,0.0,0.0,0.0,0.0,0.0,0.0,0.0,0.0,0.0,0.0,0.0,0.0,0.0,0.0,0.0,0.0,0.0,0.0,0.0,0.0,0.0,0.0,0.0,0.0,0.0,0.0,0.0,0.0,0.0,0.0,0.0,0.0,0.0,0.0,0.0,0.0,0.0,0.0,0.0,0.0,0.0,0.0,0.0,0.0,0.0,0.0,0.0,0.0,0.0,0.0,0.0,0.0,0.0,0.0,0.0,0.0,0.0,0.0,0.0,0.0,0.0,0.0,0.0,0.0,0.0,0.0,0.0,0.0,0.0,0.0,0.0,0.0,0.0,0.0,0.0,0.0,0.0,0.0,0.0,0.0,0.0,0.0,0.0,0.0,0.0,0.0,0.0,0.0,0.0,,,,,,,6.3,0.0
,,,,,,,,,,,,,,,,,,,,,,,,,,,,,,0.0,0.0,0.0,0.0,0.0,0.0,0.0,0.0,0.0,0.0,0.0,0.0,0.0,0.0,0.0,0.0,0.0,0.0,0.0,0.0,0.0,0.0,0.0,0.0,0.0,0.0,0.0,0.0,0.0,0.0,0.0,0.0,0.0,0.0,0.0,0.0,0.0,0.0,0.0,0.0,0.0,0.0,0.0,0.0,0.0,0.0,0.0,0.0,0.0,0.0,0.0,0.0,0.0,0.0,0.0,0.0,0.0,0.0,0.0,0.0,0.0,0.0,0.0,0.0,0.0,0.0,0.0,0.0,0.0,0.0,0.0,0.0,0.0,0.0,0.0,0.0,0.0,0.0,0.0,0.0,0.0,0.0,0.0,0.0,0.0,0.0,0.0,0.0,0.0,0.0,0.0,0.0,0.0,0.0,0.0,0.0,0.0,0.0,0.0,0.0,0.0,0.0,0.0,0.0,0.0,0.0,0.0,0.0,0.0,0.0,0.0,0.0,0.0,0.0,0.0,0.0,0.0,0.0,0.0,0.0,0.0,0.0,0.0,0.0,0.0,0.0,0.0,0.0,0.0,0.0,0.0,0.0,0.0,0.0,0.0,0.0,0.0,0.0,0.0,0.0,0.0,0.0,0.0,0.0,0.0,0.0,0.0,0.0,0.0,0.0,0.0,0.0,0.0,0.0,0.0,0.0,0.0,0.0,0.0,0.0,0.0,0.0,0.0,0.0,0.0,0.0,0.0,0.0,0.0,0.0,0.0,0.0,0.0,0.0,0.0,0.0,0.0,0.0,0.0,0.0,0.0,0.0,0.0,0.0,0.0,0.0,0.0,0.0,0.0,0.0,0.0,0.0,0.0,0.0,0.0,0.0,0.0,0.0,0.0,0.0,0.0,0.0,0.0,0.0,0.0,0.0,0.0,0.0,0.0,0.0,0.0,0.0,0.0,0.0,0.0,0.0,0.0,0.0,0.0,0.0,0.0,0.0,0.0,0.0,0.0,0.0,0.0,0.0,0.0,0.0,0.0,0.0,0.0,0.0,0.0,0.0,0.0,0.0,0.0,0.0,0.0,0.0,0.0,0.0,0.0,0.0,0.0,0.0,0.0,0.0,0.0,0.0,0.0,0.0,0.0,0.0,0.0,0.0,0.0,0.0,0.0,0.0,0.0,0.0,0.0,0.0,0.0,0.0,0.0,0.0,0.0,0.0,0.0,0.0,0.0,0.0,0.0,0.0,0.0,0.0,0.0,0.0,0.0,0.0,0.0,0.0,0.0,0.0,0.0,0.0,0.0,0.0,0.0,0.0,0.0,0.0,0.0,0.0,0.0,0.0,0.0,0.0,0.0,0.0,0.0,0.0,0.0,0.0,0.0,0.0,0.0,0.0,0.0,0.0,0.0,0.0,0.0,0.0,0.0,0.0,0.0,0.0,0.0,0.0,0.0,0.0,0.0,0.0,0.0,0.0,0.0,0.0,0.0,0.0,0.0,0.0,0.0,0.0,0.0,0.0,0.0,0.0,0.0,0.0,0.0,0.0,0.0,0.0,0.0,0.0,0.0,0.0,0.0,0.0,0.0,0.0,0.0,0.0,0.0,0.0,0.0,0.0,0.0,0.0,0.0,0.0,0.0,0.0,0.0,0.0,0.0,0.0,0.0,0.0,0.0,0.0,0.0,0.0,0.0,0.0,0.0,0.0,0.0,0.0,0.0,0.0,0.0,0.0,0.0,0.0,0.0,0.0,0.0,0.0,0.0,0.0,0.0,0.0,0.0,0.0,0.0,0.0,0.0,0.0,0.0,0.0,0.0,0.0,0.0,0.0,0.0,0.0,0.0,0.0,0.0,0.0,0.0,0.0,0.0,0.0,0.0,0.0,0.0,0.0,0.0,0.0,0.0,0.0,0.0,0.0,0.0,0.0,0.0,0.0,0.0,0.0,0.0,0.0,0.0,0.0,0.0,0.0,0.0,0.0,0.0,0.0,0.0,0.0,0.0,0.0,0.0,0.0,0.0,0.0,0.0,0.0,0.0,0.0,0.0,0.0,0.0,0.0,0.0,0.0,0.0,0.0,0.0,0.0,0.0,0.0,0.0,0.0,0.0,0.0,0.0,0.0,0.0,0.0,0.0,0.0,0.0,0.0,0.0,0.0,0.0,0.0,0.0,0.0,0.0,0.0,0.0,0.0,0.0,0.0,0.0,0.0,0.0,0.0,0.0,0.0,,,,,,,5.5,0.0
,,,,,,,,,,,,,,,,,,,,,,,,,,,,,,0.0,0.0,0.0,0.0,0.0,0.0,0.0,0.0,0.0,0.0,0.0,0.0,0.0,0.0,0.0,0.0,0.0,0.0,0.0,0.0,0.0,0.0,0.0,0.0,0.0,0.0,0.0,0.0,0.0,0.0,0.0,0.0,0.0,0.0,0.0,0.0,0.0,0.0,0.0,0.0,0.0,0.0,0.0,0.0,0.0,0.0,0.0,0.0,0.0,0.0,0.0,0.0,0.0,0.0,0.0,0.0,0.0,0.0,0.0,0.0,0.0,0.0,0.0,0.0,0.0,0.0,0.0,0.0,0.0,0.0,0.0,0.0,0.0,0.0,0.0,0.0,0.0,0.0,0.0,0.0,0.0,0.0,0.0,0.0,0.0,0.0,0.0,0.0,0.0,0.0,0.0,0.0,0.0,0.0,0.0,0.0,0.0,0.0,0.0,0.0,0.0,0.0,0.0,0.0,0.0,0.0,0.0,0.0,0.0,0.0,0.0,0.0,0.0,0.0,0.0,0.0,0.0,0.0,0.0,0.0,0.0,0.0,0.0,0.0,0.0,0.0,0.0,0.0,0.0,0.0,0.0,0.0,0.0,0.0,0.0,0.0,0.0,0.0,0.0,0.0,0.0,0.0,0.0,0.0,0.0,0.0,0.0,0.0,0.0,0.0,0.0,0.0,0.0,0.0,0.0,0.0,0.0,0.0,0.0,0.0,0.0,0.0,0.0,0.0,0.0,0.0,0.0,0.0,0.0,0.0,0.0,0.0,0.0,0.0,0.0,0.0,0.0,0.0,0.0,0.0,0.0,0.0,0.0,0.0,0.0,0.0,0.0,0.0,0.0,0.0,0.0,0.0,0.0,0.0,0.0,0.0,0.0,0.0,0.0,0.0,0.0,0.0,0.0,0.0,0.0,0.0,0.0,0.0,0.0,0.0,0.0,0.0,0.0,0.0,0.0,0.0,0.0,0.0,0.0,0.0,0.0,0.0,0.0,0.0,0.0,0.0,0.0,0.0,0.0,0.0,0.0,0.0,0.0,0.0,0.0,0.0,0.0,0.0,0.0,0.0,0.0,0.0,0.0,0.0,0.0,0.0,0.0,0.0,0.0,0.0,0.0,0.0,0.0,0.0,0.0,0.0,0.0,0.0,0.0,0.0,0.0,0.0,0.0,0.0,0.0,0.0,0.0,0.0,0.0,0.0,0.0,0.0,0.0,0.0,0.0,0.0,0.0,0.0,0.0,0.0,0.0,0.0,0.0,0.0,0.0,0.0,0.0,0.0,0.0,0.0,0.0,0.0,0.0,0.0,0.0,0.0,0.0,0.0,0.0,0.0,0.0,0.0,0.0,0.0,0.0,0.0,0.0,0.0,0.0,0.0,0.0,0.0,0.0,0.0,0.0,0.0,0.0,0.0,0.0,0.0,0.0,0.0,0.0,0.0,0.0,0.0,0.0,0.0,0.0,0.0,0.0,0.0,0.0,0.0,0.0,0.0,0.0,0.0,0.0,0.0,0.0,0.0,0.0,0.0,0.0,0.0,0.0,0.0,0.0,0.0,0.0,0.0,0.0,0.0,0.0,0.0,0.0,0.0,0.0,0.0,0.0,0.0,0.0,0.0,0.0,0.0,0.0,0.0,0.0,0.0,0.0,0.0,0.0,0.0,0.0,0.0,0.0,0.0,0.0,0.0,0.0,0.0,0.0,0.0,0.0,0.0,0.0,0.0,0.0,0.0,0.0,0.0,0.0,0.0,0.0,0.0,0.0,0.0,0.0,0.0,0.0,0.0,0.0,0.0,0.0,0.0,0.0,0.0,0.0,0.0,0.0,0.0,0.0,0.0,0.0,0.0,0.0,0.0,0.0,0.0,0.0,0.0,0.0,0.0,0.0,0.0,0.0,0.0,0.0,0.0,0.0,0.0,0.0,0.0,0.0,0.0,0.0,0.0,0.0,0.0,0.0,0.0,0.0,0.0,0.0,0.0,0.0,0.0,0.0,0.0,0.0,0.0,0.0,0.0,0.0,0.0,0.0,0.0,0.0,0.0,0.0,0.0,0.0,0.0,0.0,0.0,0.0,0.0,0.0,0.0,0.0,0.0,0.0,0.0,0.0,0.0,0.0,0.0,0.0,0.0,0.0,0.0,0.0,0.0,0.0,0.0,0.0,0.0,0.0,0.0,0.0,0.0,0.0,0.0,0.0,0.0,0.0,0.0,0.0,0.0,,,,,,,4.5,0.0
,,,,,,,,,,,,,,,,,,,,,,,,,,,,,,2.208058180185449,0.599371862150139,2.59998513937592,2.0132776450237824,0.8783820744051142,1.6538153708883527,1.1380486007946815,0.6751812685184567,1.6692054812979142,0.6946297418289318,1.1264280269610691,0.0,0.1316598868103473,2.210331866690196,0.6841017104055949,1.320815405522123,0.6940302169873355,0.0,0.8462543933484071,1.7121236834931333,0.4982793214378682,2.607070427606514,1.5065285389298886,0.7242288172993524,0.4056434922572854,0.6078716157747838,1.1486795656045805,0.4652226493396104,1.6713146053839942,1.5541486545392456,0.8426913611485576,0.8104132559995365,1.5466535065131768,0.1411646322133791,2.1929598992987063,2.1925899782805445,2.1486021338092427,2.187419247051464,0.9855403681493508,1.8622892000908489,3.3639040091713457,0.8409858230033596,0.3328487823821318,2.0672413751942686,0.0,0.619948363730002,0.9719985119192892,0.7175485283096672,0.4088327626116549,0.8144894864279737,1.6015963325485982,0.7110794283943743,0.2437750075183142,2.1360038636122125,0.0,1.8850387957317556,0.8328529086443609,1.7320957061461304,0.6925755109391805,0.5339618766215212,0.3513216180484931,0.314767348019589,1.4253378073102998,1.1207706960563475,2.1503328228721106,0.7912004756579946,0.3248227136286787,1.0289263710155665,2.308737943763304,0.184462665268711,0.7195465862314845,0.9077461494749992,0.8871747303285498,0.5149008592731745,0.7312805612787501,1.4835637891437252,1.5077555676312988,3.0130227401727137,1.4995470960704893,1.3987783683630892,1.2314884486885078,0.1503207504691852,1.574556127533696,1.872828512863568,0.0,1.254217967035375,1.0726777875933595,1.255163419732782,2.730953355961427,0.0,0.902843146444082,0.0,3.055214417085201,1.249645094184157,0.4012241485419644,0.0493515134543196,2.209533788088482,0.8025383120674956,1.3307956640471137,2.0805328839202666,0.1209851977298854,0.9278656970692588,0.7120250051429312,0.6025538602281486,0.0,0.0,0.8883685915848409,2.381407064863469,1.543249065747119,1.5845490511200562,0.8283296604293022,0.9961959935490472,0.7393471721815119,1.0633028320767075,0.3409154816925939,2.003087368620495,2.2653072848497717,0.2931910490379094,1.4711965972663492,0.4802947073977845,1.5069829179778629,2.788912225372251,0.0,2.9232524268059192,0.3729606291040637,0.7493164094431434,0.0,1.3678124820191484,1.4412114168061363,2.0654797562836897,0.3681626045345016,1.3497115457401148,0.0146923610466109,0.0,1.0063673919598368,1.0313952650883769,0.1369214465244976,1.2627411171748428,1.5223720455359486,1.3237983040743049,1.8796340743179536,3.4969671703333645,0.5769082859213814,1.2386682214070703,1.4285130266428727,2.004214144198444,0.7316713012557137,2.013540058192961,2.0135064837686256,1.624939058758323,0.1473757476516206,0.1281275452819965,2.183580043772942,0.1159209908319734,0.4143996446009552,0.1401315191566573,0.1750781130675387,1.1891390948342513,0.4720479343839463,0.3174152550669994,1.894219758529104,0.3015547862264185,0.7579858618062686,0.0,1.1018723583574148,1.0928097937105583,1.3462949583513315,0.4851785997035523,0.2781595138084585,0.9219931109195774,1.040654509732262,0.6696386162978372,0.5358494996630857,1.1784984994429188,0.8092235608569021,0.5874320824375748,1.147655340820109,0.3471243579723406,1.2334676682807564,2.1845552726122133,0.0563627574507309,1.5443509822806445,0.8119072190535065,0.5350685737367811,1.260663091635297,1.9409039688712444,0.986361144784137,0.8167277571564201,0.9572940066599844,1.0491266761255726,1.0678587123215355,1.6375211999603687,0.8869909903212392,0.3772593420109148,1.262001779355616,0.0,2.0101785757685025,0.9392634782112323,0.0015229225209253,1.239505885535547,1.603765134595363,1.0845703417685597,0.3847761901446725,1.1752735536737926,1.6112577042918472,1.447478498781866,1.1949848623016106,1.3781086237277371,0.480787412769656,1.400239594559392,1.0889988655151457,0.0,0.3338810453962872,0.1990346548188425,2.02151566556701,0.776749238042957,1.5265182200216318,1.3230561119081556,1.7237342065318946,0.4902824600054034,0.2086566797471764,2.644683923711125,0.5883935519023213,0.5698733618345226,1.0099152564843956,1.01252154773574,0.6694442667704525,0.4141167791933404,0.722491320373658,1.2091347481518595,1.1839489880251324,0.750960189787654,1.2446345098725546,1.3740865720941295,2.550583631693665,0.9400235002375256,0.603865082322049,1.2687859402104251,1.4172589720252016,0.8359754167596758,1.2006641765321286,0.5736296848369471,1.918286457522083,0.9399553608933968,0.095405881464068,1.3498168293920811,1.4585234836317988,0.7332336306959989,0.6025489453545856,0.3236184017480038,1.9943840117122595,2.6265873291480952,1.6873920817154735,0.0,1.048510363488213,1.6884442942344868,1.837764897786102,0.3984719450049403,2.276796899776972,2.011487827284033,1.3492587798155986,1.6864516433121255,0.929513190852516,1.07570967183202,1.477799418407476,1.5755869597872725,0.1632486170321289,0.2263054163343154,1.126460464767754,1.6584805802523954,1.2593208655305432,1.350525667969214,0.5962216179716164,0.2347416597716504,1.23811101536447,0.7324635631666838,0.0,2.006517305348828,2.58833474924893,0.9506836472595674,2.043579567827815,1.2343523938827556,0.8319108585787685,0.7215573434135976,0.0,1.0230330893795485,2.581542366296936,2.20381671705082,1.04783680503099,0.4147995693264433,1.046711324626648,2.625061314921009,0.0968700517271896,0.4650581755047708,1.2583944049802778,1.713745730361135,0.9866675877019486,0.1613597111487152,1.8116235966330885,1.5747940940651244,1.778129654446338,1.4609871657144662,1.0746156030619072,2.4350873677975264,0.5367190162935618,0.0,0.8012887618552031,2.5113886068837488,0.2856020546951372,0.9640033058387708,0.8148166236965637,1.458199117527409,0.3590756509077573,0.6539315778442469,0.8555103154370953,0.0,0.8152609905837135,1.6917306346730705,0.0808206107397946,1.383522609799089,1.103941469220111,0.0,1.483966223841919,0.308030381786492,0.5076851918914405,0.0,0.5392760917601818,0.9221683006657232,2.8040927407189216,0.8931626112899727,2.090795941679367,0.8987469088287211,2.3002477066780225,0.2386984258321627,2.372071852727796,2.032821202836113,1.5363645519602525,1.908665966456705,1.554049183407218,2.113355963524996,1.2361858488877726,0.8057063593818593,1.9227272645665343,1.866535386178436,0.9764956789082468,0.0304256089293286,1.7365617473939357,0.8562472159069101,0.7785140690529824,0.0,2.4157289511864044,0.3362620876243315,1.3474744777091128,1.3614643124992156,0.0,1.969747183422156,0.7535927432806675,0.4572838331570935,0.7200912156751162,0.5791368254859749,0.0,0.5607819685469739,2.037624237591227,1.3927938904555937,1.0975879420657235,0.5673978711495294,2.408368300582449,0.3353314043247832,1.5833990035073429,0.2540169858426535,0.4271623796982976,2.039719431427259,0.4137206951707782,0.0,0.0,0.5687306005343018,0.6971697441573558,0.2031766811489127,1.8074649736400272,1.4473052492239138,0.963914395959738,0.9672044678143792,0.0,0.901708115582005,1.7015921321947285,0.342678714059068,0.7663303299475329,2.417930819246348,1.34911985924931,0.6523772898710642,0.7416329422362469,1.6872238104008392,2.070540420164515,0.0,1.4242248842367575,0.117833566642435,0.8233391208884338,1.5950870157104249,0.2253485866201361,2.157477698728949,0.4555333114686579,1.5489446428757945,0.0,1.6836645857640749,1.996500224291652,0.8876206552055326,1.2927614284156626,0.7020819838593678,1.9857634246022688,2.297823680660083,1.63411031367714,1.1320890767907537,1.6343517145399544,0.611170127195716,0.0,0.5489969223092048,0.7184796915206982,0.572057771660329,0.3523945251937496,0.531638521325607,1.3344247470570645,3.0723635900783366,1.2106308688160137,1.1239616727776676,0.0,0.4790115313500269,0.4083586091653689,1.2089793355140332,0.9183707767548412,0.3751073790385444,0.6817676662091576,0.0,1.8845800055997255,0.0,1.2943221254299038,0.5112654138072508,1.5749901182900825,2.2253805927745507,2.019524901009465,1.3011545419684205,0.1107327623074521,1.0631158979530504,0.0,0.0,0.0,1.7314892975240783,0.0,0.620458799677187,1.5242239667121578,0.6744015725010755,0.8668610045288273,1.1934584390082634,0.0,1.3721934950981831,1.217692446730103,0.5938355953161051,2.09985603464302,1.5461367376959445,0.4307734528739406,2.341908500409388,0.7667250441760388,2.227432661494304,1.0494228265890648,2.135262334398063,1.7567909111976665,0.8323779066783494,0.8599534618048488,0.9388286135438688,1.8137613849471836,0.307458581142523,0.0,1.436596594052729,0.8747281519619363,0.5057453655618883,0.2486378428684929,0.5692865344759155,1.1470337220464115,3.247780245975118,0.1419630441024925,0.905182549916765,0.7888274183079705,2.4731644706882268,1.1462664314522335,1.0915841872721528,0.4538372811396286,0.937000018508706,1.0560869970419364,0.7485901119573702,1.4305644565199294,0.2118771991888434,0.1286093258688728,1.1346222541423572,1.244128768461546,0.0,0.4696944648876023,1.3949574408947818,0.653860383494456,0.5403682315944779,0.5938891366981799,1.0982369444166562,,,,,,,4.8,0.0
,,,,,,,,,,,,,,,,,,,,,,,,,,,,,,7.525934680429743,2.471815976867922,9.168944650806178,7.01792064629905,3.3514384700096365,5.89443213772853,4.25367732692178,2.586082256543497,5.781439252847138,3.1369859358548897,4.366264504834191,0.0,1.554412214833265,7.699045043296819,3.1330258332662204,5.407114502004509,2.8653325617463,0.0,3.492805746045881,5.942978920439012,2.2819466525652192,9.738570930068438,6.184569063533719,3.3721361805390107,2.3082416467642366,2.451218254664771,4.838354355727967,1.4508934859863558,6.571672654890098,5.68433366957523,3.83617322773517,3.735979180198732,5.248380573399958,1.277708055096716,7.856415356548796,8.094965427314687,7.08118854819643,7.801162852816331,3.9253619756286726,6.27082586936652,11.623079902483614,3.774503604289363,1.642644736772343,7.63270432214232,0.0123156315928034,3.470353469950731,3.365122968493272,2.522473564339479,2.080400005128732,3.743245712234165,5.444470408846836,3.470282979840356,1.2090032388550451,8.143715365837638,0.0,7.072943959689811,3.441308005098316,5.86597386887157,2.542545488435604,2.282345153741092,1.7725552330023122,1.39021470238066,4.742481573576436,3.90315032923,7.081920276339601,3.563140846732243,2.231286404643282,4.060106535938434,8.558651560733004,1.0527657739287264,2.600381572122468,2.8479174708518644,3.666479933121339,1.7277359670794858,3.44028150402272,5.617333168482578,6.26838645883084,10.485233614862382,5.90072699501213,5.845440536238945,4.556005353953518,1.0287551771731591,6.108275780496463,7.272508053082513,0.0,5.307780817444912,4.498262226749368,4.363783894346287,9.975639571738611,0.0,3.713740996030348,0.0,10.979131394262891,4.581311126257933,1.8456288312513416,1.102063008786092,7.803097579333644,3.271037543686069,5.570306761087313,8.069738031525752,1.284644694863943,2.731594809577337,3.2209323240039422,2.928938797547899,1.7045105070629587,1.3430908953428653,3.2061285255217147,8.084936007039524,5.651072171553505,6.6844119697263205,3.4624643241584008,4.039098392852482,3.207305131220989,4.881385874180803,1.5898955312243248,7.383403670518239,8.12505676187919,1.4075033804097954,5.545782123400247,1.7845567830667115,5.509132143566881,10.85180592722586,0.0,10.02191184521192,2.058639252367185,2.7790062029421354,0.0,4.3776888692538805,6.086642854374151,7.325673607479933,2.4321416930289224,5.300991505080732,0.4876100767103275,0.0,4.168002796488267,4.2857123987852965,1.2413621216493476,4.983522410369842,5.415265537301186,4.456662204428938,6.692971759022229,12.495060033345858,2.242099439420941,4.034795737471549,5.091933908456012,6.778602262316518,3.5512283839392325,6.844601741420812,6.944957523607294,6.054573582087751,1.3585815031902122,1.516420743001365,7.925264207771359,1.2101034221786635,2.42560519224643,1.803168034471553,1.017981983491398,3.887677356072013,2.5929821361207828,1.6642838738134484,6.926823868261194,2.2312752721644102,3.96457158957922,0.3823495773450696,4.249820437327504,3.630213050155416,5.292686886246736,1.83622969738156,2.6057085292486053,4.009927324636438,3.888711928178476,2.485652904793734,2.0511201938514354,4.898566341562638,2.66080097188164,2.746391455650322,4.159803002733407,1.860782805994297,4.85126747486226,7.765744896574848,0.8295816186602112,4.997394963131912,3.344321049917681,3.013060227135531,5.465211684108329,6.470218731092237,3.447912895518206,3.5890784082327056,3.16390777673254,4.223241354394829,5.038115955368559,6.552844778621486,3.251441905290947,1.319295248848742,4.726430465077382,0.0,6.852677887424557,4.0884158899534695,1.5466359300615125,4.006579350072098,5.502076389314524,4.430834816969488,2.324702341285462,4.08830742224687,5.601641210095062,5.736992305472729,5.059459452422987,5.590869272873846,2.497670633541252,5.423855697139575,4.525583010827755,0.1761840562808596,1.9212487412348067,0.7759527113382769,6.990029594654585,3.114335717261584,5.43328016234493,4.572227074090247,6.46203870665299,2.1770854992044075,1.3491324933924256,9.346249435093618,2.912497472916731,2.1150132289742274,3.739827468661138,3.695644216331146,3.293919281421421,1.7261612263914952,2.1427188284845924,4.61604974793596,4.040448408406489,3.088622438336261,5.024471743874911,5.417802124597026,9.210006401192924,4.722074624043107,3.0239747245444555,4.0491942371993055,5.158518588024162,3.5731506414228598,3.985212675021208,1.9581170986120933,6.706602201640744,4.282921595182627,1.9763660807308847,4.84774583057802,5.348577738710048,3.0425545961001683,3.308238533673161,1.5473183509697377,6.972069280355239,9.140988675048993,6.503725403696567,0.395468541512237,4.022946194731257,6.061508384984474,7.370304186227555,3.2009483197668303,9.062157615559222,6.95456951674165,5.062466140351074,6.430587292800145,3.875048214454598,3.7173576024385024,5.737799414177243,6.020051612060951,1.5451185559548173,1.836369847101324,5.448529258358684,5.783868394818144,5.282306912156672,5.333449250823065,1.9485238857806768,0.7800886283247466,4.50006818037,3.3639648873537915,0.4917174278219329,7.354287361904062,9.139932172038428,4.432755062324164,7.173588593977357,4.366959753799395,3.191076310591224,3.0871708548107315,0.3486703249370184,3.991549108344186,9.87529488448492,8.956879879771392,3.950157729930506,2.280887485595676,4.110747498414456,8.4930362161755,0.8221385209121546,2.666549834431907,4.821843988706939,7.253283764944682,4.282865672779076,0.8589254829056805,7.167474485343773,5.716589070963424,6.142669495632389,6.397111712584551,4.234794696935212,9.414357209312598,2.5224099777821083,0.0,3.3197041410113464,8.23498205829357,1.2861032942608022,3.903400576188896,3.369686523846905,5.7795588587471975,1.422211952304926,2.739550867557795,3.1080972490868697,1.2822882758921716,3.660322718661919,5.472023112444807,0.7635509234319908,5.484663805255586,3.746397450705664,0.0,5.839322421174385,1.49112897156436,2.1614620859992724,0.45865720147567,2.263526789742973,4.090967481173838,9.46637653007681,4.194705683518537,7.739791028533535,4.188727898901506,8.175249186348896,1.3002072896055403,8.910158902243415,6.866279273967495,5.396379417381022,6.935270428838583,5.526155602460904,7.238508713786224,4.689480567254662,3.342169653775196,6.759241317935486,6.447556780914142,4.36123032004783,0.8102017238155699,7.001212091221438,3.331878491332891,2.5606100265749325,0.0,8.396849175174573,2.319539749933606,4.438420739307881,4.929549102383835,0.0,6.872720970084309,2.6897180783753645,1.7797095439856578,2.9757370721965883,2.3415287268034146,0.6441217935989432,1.870097149492199,7.371729052885543,5.436406987532694,3.979852539380963,1.560801630830695,8.501820937682487,1.8616009058464813,5.594562495745546,1.1738032145454405,1.9342348109931184,7.182514466582392,1.91474321167004,0.5539715497199857,0.0,2.067855936207613,3.039379742656205,2.0672163882033683,6.783915833926254,6.013353208200465,4.539954913860553,3.9264140620159327,0.0,4.157078769263797,6.081458556595337,1.221259217997559,2.5257775159472238,9.198551896700298,4.922974643618474,2.944484215793312,3.136295598598078,6.035169388799047,6.845956306475465,0.0,5.632028163132823,1.6928031403557138,3.071952097474177,6.40182454036669,1.7900597354162646,7.798075696832797,1.5362386296601338,6.204997322149136,0.0,6.330633627378057,6.660828387932013,4.182456170782357,3.844829804729363,2.738011826364149,7.478373919456512,8.821912871322187,5.296817931712882,4.521667002941992,5.28480762344614,2.920701452220006,1.0221733778068214,2.623646845488324,3.2122102728193,2.1693989225878303,2.019198873273565,1.9659050213407,5.6483193667334834,10.835828535740738,4.540001064039222,4.808901802542497,0.0,2.1113063487983834,2.467836745902251,4.1322182482789,3.657110120458574,1.785578906269305,3.043486807033414,0.0,7.462234686050994,0.0,5.104192732260191,2.409567656150823,5.9020219649180845,8.15386308416307,7.213503347934489,5.137774246668577,0.6660352501413582,3.746523713325251,1.0814686722613396,0.5180446645779937,0.0,6.183415834651759,0.192353510083322,2.8951827521696245,5.998917826509851,3.590438566923215,3.448541053648661,3.566811993185525,0.0,4.98619886619517,4.589745835353473,2.912446108700651,7.767478169483435,5.406439569032142,2.428373159571797,8.563113262800236,3.262041666234091,7.143470136781976,4.127542936907551,7.1911888524624175,6.888894290155612,3.214651091307168,3.752121603205125,4.172960254848446,6.786490794553556,1.4530472509909895,0.6251919294975643,5.545511278912601,3.357781258804012,2.5053450603138803,1.1557150540170182,3.0148092801200246,3.966711349625246,11.105195576621949,1.0611374335774637,2.8198574382139845,4.352036189511859,9.21080278973306,4.78923619882783,3.773151707128644,1.7452871844636273,3.806560791867116,4.44570406334053,3.263552226222054,5.406334546609538,1.400459740815534,0.900066241100927,5.16531680617291,4.865027271014476,0.1257463440283195,2.489358534203176,4.93700519874189,3.1889702424999555,2.543434115592584,3.1424580851143844,4.105741041681578,,,,,,,6.1,0.0
,,,,,,,,,,,,,,,,,,,,,,,,,,,,,,18.172680692705647,7.418078851752248,18.28945127196857,16.494194270353944,7.58779790310842,14.12528415687168,9.094764818322377,7.241604851970983,12.486045967139754,6.942563231862103,9.84751781494214,0.0,6.651540236858842,17.199254345308827,7.476770336670846,10.957630614311457,6.074430332703676,0.0,8.716383782211473,13.610145277453585,6.9668872328330185,21.97252713904829,15.456883077494169,8.14876293078953,7.397810473687201,8.035360888131256,11.092927618948533,4.967069601653778,15.458124999264058,13.58477530405086,9.376854443969142,8.827393617765676,12.998306864336689,3.270283632676744,16.321184728230264,17.228278754718318,17.205459715455763,18.812606754249508,9.981161221752997,14.677359797805371,24.872166155984957,10.04080812772737,4.661857625183164,15.997571080463484,0.5234869499336714,9.200772995811098,9.928334093014524,5.165495780846063,6.164132441899466,7.675475366249276,10.78809102026651,9.732895484016794,3.512356393780739,19.09141801778969,0.0,16.48726931178348,11.257590323345186,14.106913125708989,5.358569106552165,7.488386480804107,6.340800359472864,4.407418666556108,10.89013973220479,9.756291131798186,15.875892973084287,9.976666158975744,4.073436873689885,10.140320545997191,17.901038151064174,4.066767011844402,7.265506911579288,7.565393200838683,10.722533943816222,5.371021989852896,8.669186784191787,12.96576657656672,15.377501168195597,22.417718405230183,13.631617228203798,13.580336264529372,10.8213371505595,6.86998225485914,15.170419305079946,17.210688213405206,0.0,13.137588778641945,11.529755800528877,11.049012183287651,22.32527243973465,2.0152850336753936,7.805036542208661,3.0946728643551613,23.137524281523746,10.490179207243166,5.007126552403333,4.262411740650553,16.824995981797837,7.264574486805968,11.454600654002544,18.036834322077407,3.893124207781471,7.003196748637546,9.445779070635783,6.129198662040071,5.25582497192163,6.794561381075508,7.922391937425015,17.583623193679585,13.25506595964347,15.367173920090156,10.083319017200669,10.39608776311616,8.215455711570334,12.13511652951456,6.998477943288761,16.633048519805083,17.732082825041633,6.519409989201828,13.100333277847833,6.495783504138329,13.64012731644376,23.999312331245257,0.0,21.306645430588205,6.362224097799998,7.890500983848706,0.2732669170597479,10.203660967302364,15.900066569784098,16.913917059127222,8.04048873295127,13.183525608954527,2.7428717585463067,0.1070732933217899,10.177011871363062,11.584101322249452,3.69939194098029,12.696846548704173,14.410502651125237,10.89404061872776,14.799087865063653,27.155239413243343,5.6147563182976405,8.784034512573092,11.726998839026592,15.523287305662668,8.661745835659334,14.829626508753815,16.154619640893028,13.569313776691,3.9206143715416406,3.5251294132542843,18.38831390820558,4.414679385443545,5.95496355637013,5.640158448661888,4.109339042204134,8.700322350704864,7.048793124313139,3.517986109272929,16.611130313220123,4.508847175750931,10.881027640523955,3.3020027787014894,9.965911364270172,9.423281789101166,10.99614022211344,6.6168118054802445,6.543525548548406,9.158474749858868,9.567596550985124,6.193328280168626,6.643998169722883,13.880154254462225,7.684958871038779,8.73886183808471,9.385889916236552,5.258665334474531,11.034503277110502,17.168858216621278,2.682351994945141,11.507860077594833,9.12132745057588,7.939292208353109,10.24485636881986,13.652586510917724,7.74205664430413,10.17286662370086,8.042007407736758,10.863531858350326,12.12551195408537,13.57600825260512,8.652651252472902,2.851451217576705,11.15684600789998,0.0,17.5002829409526,13.138219090244736,4.32901604235282,10.659253146212066,13.128462944007008,11.570965400103736,6.364503658479061,11.025238311957214,13.471398579342374,13.980733277877222,13.148211934848476,12.912248883837536,7.555873195060691,13.397630781508504,10.668085990167269,2.356250682763714,5.607081379297846,1.578737385673976,16.681332325952887,10.299765725645212,14.362419751666929,9.986056568010111,16.448877744713492,7.726871023616529,5.709826176438135,19.330043448146967,7.476761665619497,6.6352787333675245,9.8816422389255,10.208528578032755,9.942948714658106,6.1103092232241885,5.768763544618711,10.959188709855905,9.529007964723831,9.469935444183674,10.584567535279312,13.726460810977771,20.941608582250637,11.231832491928698,9.12416648798539,10.270086760714456,12.90980399411749,9.121470125974623,10.644509709981334,4.327787650339195,14.700988981458742,10.78014266795304,7.228648660659907,12.290530147165075,14.943031915533831,7.591560837523923,10.340056126167328,6.799168492881005,17.6362319844037,22.13404887291817,15.133154438402876,3.1559132870396422,10.236647053798102,12.186123922769116,16.08815266293331,8.077994383813426,20.62920981311866,14.65516606144224,10.747888721168522,13.05997036597551,9.651699623482152,7.801269326722926,14.191035442675805,13.54226321164961,5.928526671462249,6.449999100494703,13.86549741071654,13.018936823046465,13.394961509186937,12.52353702275412,6.284056271028401,4.456547209726647,10.107888249580142,9.274427597581688,0.9008618029328408,15.932239296045248,19.581049454502782,11.167828612601358,16.4430791303179,9.802996774928957,8.031336288271639,9.492653485500222,2.538190830442681,8.848609642047261,21.320671249272884,19.36882940054118,11.239237106613004,6.838960711725369,9.04677943342263,16.536394261122723,3.445207025640981,6.691034989757942,10.92576831469552,16.867768995569197,12.332474801672726,3.985131983245685,15.78617779192466,12.98830340378608,13.605181983895282,15.19702167964391,11.69123374958942,21.890066609728333,7.596575044080477,1.1079988812772767,8.420363961797905,18.015501212953644,1.5020727156175062,9.68728453062867,9.097561474778232,14.380660785441002,3.8604359379016753,7.3272000424044625,7.664157868153035,5.036586633158205,8.92473020927385,12.846100961387316,4.554693338118389,12.762395648764135,9.024718358147922,0.0,15.211055590528783,6.074532621026623,7.578570898993105,2.36706746122909,7.651495851602743,10.33519337704127,20.173013209961468,9.786624940658724,17.064095610006042,10.611693351614148,18.066819004251027,4.107770218356544,20.70644101919921,14.87639124235698,11.612166206488595,14.514772475206998,13.639886826149992,15.367024536157553,8.855875351314989,8.207863555771928,15.40293367659823,15.113713757651777,10.20208963150667,2.950614913803717,17.54248953543817,10.306406848793976,6.217777405109426,0.2344076957052832,18.82609537263616,7.943006002552214,10.62963129189284,11.330022528586593,0.069041398342724,16.086258793452572,6.153890272257475,4.055328994766186,8.957713832062066,6.787827813081247,3.14738976412566,4.922223897289626,16.84522317400855,13.014802115825384,8.284061803041304,5.370212578084235,18.852654086441984,3.7211931911574303,13.824970673618822,4.215845506200887,5.573581165514846,15.489623112607244,5.067485850145045,3.667748565746206,0.0,7.503351211568717,7.622402008638557,3.9035008997491327,16.408892288056403,16.16779112971484,12.014773995226342,10.609920180397802,0.3200118503756199,10.64260799027742,15.42925564479676,5.186086043085041,9.040912431830373,20.77936881961652,9.972569667240382,7.85173938363303,7.971405345888343,15.231132229535834,14.647357379384864,0.0499248455293221,12.579632914781298,4.154299214655169,8.298569292280538,16.039150967172404,4.680347278848352,17.716087261861098,5.724346202950164,15.82455713539321,0.9104828400759812,14.362585841705917,15.179949146473517,8.673845866339427,9.190165947740669,7.013253867398105,16.904210862837672,19.319242239137687,14.345505838579257,11.170091692715694,12.4547901102005,8.08267088742481,5.558437184551874,8.134707624028652,8.829815169535971,5.799574207068884,5.752898447507726,4.856134824723894,14.308105208574492,23.150964000580014,13.578788829937514,11.06842600376844,0.8774758643899949,4.413195971257301,8.808732535356464,8.682890234619018,9.60278060367906,4.94288404055665,6.013435869655749,1.2653542048572408,16.798533460563267,0.0,13.393563714640528,5.21066261769991,13.511554715189964,19.70538490545098,15.646519111506016,12.206766856708857,3.2754866108148164,8.939417453254826,4.576611723344658,4.33345374269223,0.9175889183274022,15.215999437768756,1.937762357286832,7.743238373215656,13.728119149080104,10.188553701100265,9.432978385913774,10.207198954871782,0.0,13.299968003411724,10.652810119003496,8.53082175338198,18.12114502015577,13.023430793608544,7.408290756968434,19.59004135300221,9.99693889360561,15.118603141815294,11.057046336180056,17.050369904661146,16.886284095354547,8.812642373204152,9.0378473689573,10.411418394052884,17.5594670609583,4.410700472859953,3.085609246078044,13.830594841630896,9.394350825261084,7.174157246802224,3.933299876698256,8.237560703921126,10.6989633944689,24.68063521763977,3.923030385870616,6.280061814075997,12.14574804144969,20.6939973267414,10.328033277390904,7.9968848282739025,6.615059758723878,9.927796432964888,11.508610708233114,6.929609892040153,11.406790407506682,5.617961807573288,3.6410878422439295,12.041865645132766,12.506953635477984,2.3977765937475715,5.497498195094873,11.06519358956489,10.06648562027651,6.862316163638878,7.231317815552133,10.095648524009915,,,,,,,6.3,0.0
,,,,,,,,,,,,,,,,,,,,,,,,,,,,,,29.92835335334958,15.638624122843236,29.24956725285705,29.27427717605403,11.400803562124018,24.626626802783463,17.738974909842145,15.98035398632268,20.773851683484747,10.350676001798616,17.157489183519985,4.13481615674996,14.09448559976515,25.459562781924227,14.472180688537833,19.338611680911256,15.393054938165104,5.019681114172154,15.278500140207774,22.885108056893944,11.260453130880808,34.338093106126166,25.688461185800847,12.982180859913797,11.634454087314271,16.771616730741094,19.16178730097232,9.930896881035611,24.978501567974337,22.29464771921392,16.50574667006321,17.8993253952776,22.344436722240005,10.458869251634164,25.61452194246863,28.680434513826626,28.741585459397218,31.128915125629295,20.047801288240816,25.423350127206444,37.47714626394966,17.878342315468604,12.859293871073278,26.62207966273846,6.105452051471486,20.166716676585107,21.260763376986965,9.903933331837644,11.685770790550986,11.224232131178402,18.44064619540059,15.683946434803186,5.543549862461152,30.059583953933767,1.2369998871069614,28.090615994996533,18.284005089490805,23.68837815037393,13.734234556535425,16.24910972186528,11.60534544636872,11.418035845708904,19.720270802549685,14.575643753439104,25.87504029205921,16.510211034844865,8.9416464262346,19.690304443732465,31.427443863640768,7.851995570904351,12.200270719269,17.462545024101246,20.820647830873483,8.829207986242674,14.26121851718746,19.770761532725587,28.58550575148517,34.92274004385705,25.59807603481472,20.099342005266838,16.27324789607741,11.873199628729092,24.912038971300703,29.955429398821405,0.0,23.766088300585896,20.045194332818426,17.447417790444398,34.879153278442686,6.068264407626978,14.55881051561299,7.422733005813241,34.51948558710696,17.75808372728403,11.983237563390418,8.85600297066178,29.01399210863422,13.424174066236487,17.97211816404598,30.93566879069753,9.850307343740637,13.71015354869314,17.339867660659653,12.311096034933405,11.22657180602456,13.794330845457749,10.372453896105933,27.624972301447684,23.772889911731173,27.707056762934915,19.135390030247837,16.83955233301335,15.141594838888343,20.484583380637968,13.005921682389008,28.216781905957795,29.885141145687943,12.302859727915662,20.767990646459385,7.7027854177249875,21.413208252584223,37.96445588748695,2.8607379933523083,36.0541607466951,13.65027302373722,14.739722433586492,2.980056216686118,17.364733890728797,26.60926913481403,25.336171967289967,15.524038909095834,24.21525764023028,8.744178874503598,4.52191154687425,16.88626744689952,22.33473491113939,7.960734735668423,23.350431690597507,24.104987435672072,19.09565858982734,23.25386659897306,40.5976593671554,11.603282323750523,14.168288412443044,18.304672699253132,24.52093884829917,14.63689356605876,24.051082537030005,27.083717417135315,23.235195553022567,6.188054956178931,4.452476346832424,32.3564348409086,11.064111190395913,9.288221104801249,12.038638571736657,7.048362065608741,15.107072370152611,14.660750943587924,6.109405577399702,30.141848089964384,9.82050487844514,17.407999265847675,8.028901909770946,18.240838203067685,21.07586780589128,18.967694462465715,15.314180930485072,12.706980897964508,16.001660084717894,17.972478067612858,12.620674637531078,13.94715709624373,25.047595808962075,15.774708656016198,17.13171866999959,14.868583820718587,14.710284927601435,18.40905465421237,28.213387546487542,4.178580942016465,19.85208814562949,15.26333409997622,15.218116598636518,17.548774699154855,25.6455200863452,14.819219217855224,17.364202757195343,15.836564540895726,21.944298062725544,19.435699638068403,23.73747630858125,14.170268499163758,8.428724296032202,21.684490929179947,4.361855337445627,32.02948412459212,22.77530967522728,5.955884425220516,16.114059184816565,20.53972008793807,19.27001665375073,15.95187749028508,17.748625683871396,19.824762991344627,21.14775496080306,25.0323707840148,21.268008992414128,13.803667343656995,21.72425216015874,19.92635545660525,10.7213367479038,12.920634861480162,4.190625156178878,27.91630989559712,19.62516901854906,22.472167209356204,17.222838398297114,29.82721732380621,13.165987044226352,11.686522008662935,30.241119515958765,17.461849130033563,13.379404544709557,21.583270817355988,21.691586053207946,20.14177380261413,11.038870054291346,13.291794296997384,20.5741333141336,16.615449840493557,18.138302358328048,17.265611800014472,24.194053793432875,33.14823382946312,18.81324717669555,18.53544616040241,15.783904175356769,21.296131676923743,17.537893773164846,16.32588888532864,11.85876156691121,26.324064692524423,16.751402218239654,15.267390075443728,22.717746511923007,26.501860359712467,13.35257570972134,18.47672266464572,16.096191096863205,26.795491959225235,40.39577415771927,22.69226146139384,7.442012054932212,19.77771330725702,20.64759888292957,27.41669715263476,15.836816983727214,33.68148422628321,22.714728832696533,16.983289210006227,21.838802665124245,17.36123097952987,17.080635909989294,25.23427842374816,22.693011908465447,7.527601418268743,12.877218266093598,23.1948729023942,19.587411148137654,18.851837277430285,20.662202527385467,13.275296937975805,8.792055682542829,17.97986753344312,16.193693288364113,5.972301374570419,28.43688597851689,32.89301128366448,16.6798657198127,28.96550307870513,17.997574949745918,15.415200875686958,15.611543544747551,8.779322208121439,15.880435377779891,34.28936450021079,31.74488742978091,22.13319088725184,11.51340119164664,16.315627962083177,28.503506943334973,11.592965859212049,13.363589339220978,20.35201131210796,23.604927739945897,23.929630346796586,11.121321552813946,25.25189228616864,21.02969343375868,23.547365086334214,23.38576890958677,19.75612392686009,35.41099819046637,13.93757648793185,4.812701263958305,15.92794485517954,29.30752903743764,3.0900965250998427,14.609159277601282,17.02187229994503,25.122976169553237,7.290630930376964,14.411797865287529,12.622590918420764,10.72983668536784,12.996772349773844,21.241632968504,7.825174511946158,24.26215909007646,17.011641283719925,1.1182309207400358,28.70967099275952,12.976417706675411,17.391701945053235,4.112389617171188,14.587064539301306,18.51846664696641,34.725051817146294,19.954530768905084,25.1219272770885,17.414730004745397,30.00726446277697,9.60403211895323,30.823632612964424,20.011446881963924,17.8632992575412,27.13651145966926,22.327798465197635,23.66930863201847,18.11532833592561,16.546183516961968,22.8539131064608,26.899426685746725,15.844681256394772,4.676188364530289,27.417799860561114,21.732567644214654,14.766771307872196,4.163381665332367,31.519895680066103,15.291944372338484,18.731681828432787,16.661992159835933,4.728847538529597,24.13615526928505,14.89514611394121,8.918846206888464,18.005320445250742,14.040354871817124,8.352009250859945,11.110145658026918,26.267448822017077,23.175171690217116,14.428005083326562,12.044307338623025,32.20344280002928,6.597685004010835,25.70969386946705,11.821299444933938,12.554004899816446,27.0185969671181,10.223174413807726,8.890256363297535,0.0,13.164127424875923,13.910699443223953,9.026557007527396,29.25234361848196,27.037158863572785,22.830529121335047,18.53543162808345,2.5199868057762904,16.729809150917593,24.77228005210334,10.95685921960757,18.53877338192848,32.55847007487798,15.296879930408622,13.440481589528138,12.384715487090489,24.299110290125626,23.948930033802693,4.198718568523176,16.95969390224594,9.03750933454048,16.308545166205786,26.204046740963133,10.841393121467725,28.00032411115576,12.875188546084834,24.159323335495184,4.161962292900817,25.813761902369396,24.453086859383795,14.036995661561102,18.795090236572783,17.377379813350274,27.834069025227144,32.73306674903348,24.55742214594365,16.849354588595336,23.904575578267853,12.7689337795689,11.061213544200076,16.079925695326924,18.281782493764204,13.441460391285345,12.13884685914325,9.677386709159258,25.82527059038017,38.00273979625238,24.47736573696266,18.40780756681428,7.410546354073125,9.379208636241447,16.057471510738047,15.822490423131171,15.12368636118592,9.828251661842264,13.992380676746537,3.4816834048626992,27.87022241775918,2.439566589644369,22.70634560251557,9.316892087552636,24.06642695766916,34.26310803316572,26.633842337610663,23.76428728539049,10.060063500055485,14.18283014235104,8.434884473907232,11.702223256316271,5.542133763520997,24.164197380092983,1.5412298483409996,16.206551713644036,23.04271007785757,18.095905734407623,17.116713061880585,19.36904940927749,0.0,24.865550602543728,18.324419674633354,15.629517557070653,30.84466882441479,23.326177020329663,14.975055103293348,31.37965913937535,18.76513477503395,24.629458438024407,17.79975546817098,29.757377707747963,27.84317079525013,15.965611036610705,18.278365628982517,20.14029569460897,29.592637346887564,7.278155854337306,4.882100477955125,24.10486100025897,20.806138789871085,13.710296441904918,9.409793726055767,14.448589737900672,18.15014318904968,37.44031504571285,11.07930220175509,10.749076182381003,21.843125577449147,35.67175389032296,18.482233751542765,12.486783255857272,16.730360432984096,18.698667441523533,18.632316751119397,15.339691134049684,20.46226328903251,10.97625982238579,6.747542435955997,21.27099235493855,23.537025735409124,7.282125144343522,11.289960317999393,19.640937984118825,17.750217840680044,11.48716721568337,10.088728930545102,14.445901198341938,,,,,,,6.0,0.0
,,,,,,,,,,,,,,,,,,,,,,,,,,,,,,38.86835640177926,20.610177101373683,36.61408978664628,38.23832560014494,17.927337390869575,32.51310151994961,28.1534580637662,24.36112392710549,28.20512758652916,15.163792413106956,25.796914340802783,7.126475631748505,23.16229733507569,32.17760688134245,22.62104506434209,27.22211633469665,28.13940439903189,12.489849467672247,22.00999568963537,32.665147554135864,20.312400258549967,43.19281507968409,37.45006729257836,22.704286969677675,14.90271193967893,20.58043543633733,28.96507367688153,15.683236211975082,31.660344208066267,30.440532519561213,23.919086512304705,27.832630638476303,30.47113085073902,15.496209328200408,34.92206813488931,34.94639019654217,36.48195800768387,47.5737953302845,29.29142650231229,30.284189754575983,45.126325600076775,24.24348684335573,18.43812723664964,34.0100628266211,13.838183948048458,27.30869705087045,32.75350956642755,19.42413360624441,19.43587338211054,16.076698681865732,28.50585878426045,27.067285029311734,9.82266702068084,36.24030687707821,8.128530479322693,36.43249704990417,26.56181204558648,31.571313427716653,23.225827493033677,23.10545130520877,17.687892900647697,19.99515092781369,27.06583049973894,17.75772721724675,35.2681535017804,22.26863495225293,9.133144455803087,28.515673408210485,43.94854272601142,15.435322190388788,15.839312758434843,25.189332396327007,27.38485366533623,14.70706371250995,21.592380349501628,27.11466827112488,38.34764880209139,40.38341784484826,38.1169646891361,27.70075860680216,23.402876868744197,15.042149477391115,30.23648846116906,37.11254632925966,0.0,34.58363004401044,26.694933139827945,20.75342563507848,43.39831880931799,13.126793084234112,21.66845449752784,12.718235993148852,44.76675358110474,26.59458836809088,21.53764567964561,11.48404907584496,37.95108321720346,21.631583127390776,21.52997249549664,36.95200202613786,16.990066422760915,19.121895035168347,21.681513034132397,18.77804913635349,17.66889350418016,24.62159157236782,8.949198718016662,30.73944225780017,31.989858622704503,37.8154403992068,24.28525463000508,23.15325868573438,23.989843792241977,26.881075906393608,17.6686346591419,36.48405096501718,34.7067587396066,17.43041821409112,27.675068381543944,12.159388075224406,28.76487598267677,46.85608537283771,10.324007454008468,45.72157019891906,16.65913848491715,22.35836923709599,8.18258807575678,21.615977180166865,34.04614293952125,32.56099353815845,21.485645178102576,28.953071679616333,15.86487883813324,8.075541379648302,25.667744710951474,30.722009992058364,16.782833161174914,33.98260080266043,32.766073841586234,30.903272475982867,28.412029850410786,49.784821398644524,16.691998744244074,18.66810085866067,24.95664514425384,27.68668330838245,18.649985726116004,35.56996207910749,36.0774053217289,31.68337244603439,9.737458207983968,11.217963821213209,41.06793322165654,18.85190949363752,14.350116819631348,17.915709518513633,13.764409332568295,15.874603751311234,23.000993788454792,15.70722438629579,36.64648706823428,24.45091125487377,21.76554281555623,17.001406141376755,20.916883789941785,30.40694033639479,22.13379295513607,20.315468622671823,16.479971898941407,25.527802567920084,27.080222591656323,19.854725595556765,20.306168821536424,33.5829566906573,24.09687179457785,21.858433224166177,21.455191902480188,20.64805531006404,27.06042933266129,33.24043612895975,10.60230922687738,23.549589617979443,22.036203478705097,21.75621564270493,25.50034731625282,35.42520755216367,19.220151217150818,22.756358306519274,23.370592343397043,29.369372546541367,30.00309688859192,31.32695993514724,16.913323367484452,13.742257137347544,30.876678494552145,8.641048479271507,41.8633186402172,35.4533510746188,9.736055986624333,22.64424834216525,25.08412184356857,28.246854207656003,24.656762376397296,25.289286280989483,20.709168369298965,24.77769255620097,33.48553890845653,27.32107602085023,20.291019920001663,35.27480115857025,27.734695747263,18.416808711861734,21.34573655083452,10.77103956773544,36.485189726348175,22.17230931956847,28.374303089583474,20.86256091966507,36.36074816343166,21.571314931589423,15.15176599304146,37.799419950277446,25.85193238404604,20.03411721202702,29.916684761236525,30.403870099891744,26.847219128138068,16.264314361781416,19.807912402821696,28.74665032621891,21.20564376684284,29.41060552438327,23.495677004169867,34.66557981074136,41.42015057563722,28.313319497637824,25.87978166539117,19.708076293183357,26.89299861326568,22.42324427980631,25.356183636942152,18.6190380817309,35.66310309440906,25.027441499490955,24.40694359779172,31.26423572197477,34.667759183585126,23.33511025126601,23.816962055064987,26.23350273654185,31.080758575742912,49.39500955307315,27.09371156338232,18.77375577322141,29.590619734765923,24.10877956058699,32.597176361285264,24.841412806101363,42.37404489766588,30.682764595786683,18.661194740097887,27.63564991313638,28.120682679524204,29.74439617474161,35.06389380676741,29.671482720190333,14.28016928046008,16.000772953735222,28.5088815547071,26.13241451313569,27.87906956884762,30.81845523863879,17.39706573051253,12.493606407497431,22.907602610564123,24.686317827642974,11.807973295143784,38.469424448927136,40.2797474126512,22.05253047261587,38.82075679409895,25.9858136900288,21.415447897386212,24.55013146207749,15.851078121736634,20.40021140094183,47.02885486162508,37.05235999363213,31.46739102810524,10.840163711422218,13.964889057662257,37.798244342167415,20.086544796710616,20.773063012157976,35.7870784036923,31.6899004033134,31.801887888908105,17.442928044033387,25.701688931061923,35.38914758027714,32.12610936245625,36.190469534649125,25.31502687813348,45.85525931097037,18.286834063906447,10.844455953828277,25.26448229934897,34.978166278481496,11.57033442482385,23.92453788810903,22.506619614695467,34.66849321645683,10.115332850517634,18.750851895999197,21.06457792130708,17.71391017002654,14.36529644612983,32.02353349555149,12.737302225891703,29.0194574135089,24.169108095881057,8.722751768040371,40.34486716644797,21.17363368603269,25.403184534671208,8.45109765944988,26.09444859333103,25.17037809110296,40.7435904237753,26.8713303556591,29.713816675529348,23.41647761890394,37.42734871098763,14.792829244508964,37.55150010720914,23.196321181647733,24.430145049988365,39.43358931339689,27.210241850270258,29.87671830490209,26.532844990326694,27.504999383555703,29.668345626428994,32.63708316744039,21.77060497626592,6.0004656082242205,39.08813096019206,33.8853832869625,19.96272592773711,13.864235985440317,39.1580373857339,22.948945872896832,24.538344252483974,19.65467622659198,11.731367830296394,27.072704081840865,20.045257280998054,14.5177096977275,26.629013990997763,18.494322697103737,7.909039719895514,13.53509013575413,31.543064275294963,33.20844244432515,20.54791001934804,23.74439100837065,39.59555641348499,12.742633273765474,35.43396922947969,17.111558775281484,16.792852032980203,36.16669876901996,15.110695627936233,16.87293322490231,4.608518411277809,19.810720192123437,17.935236836460312,16.817143516216746,38.83958611747161,31.972319077504903,26.393519595588774,27.444829189955623,7.162008080749402,25.36832493404776,33.60610943722986,15.187488969649818,26.013937695644383,44.710581611121945,19.98335627645376,21.58905028924637,20.58902266088672,29.4878002155611,32.52887865370869,9.238961924711786,21.68002611959657,12.557175798320747,20.948302806011824,33.341634910343664,17.878476431569094,32.59614407609818,22.90387603578541,28.55505020653518,6.684844825936639,35.18304154137664,32.448079489330894,21.952594225347045,23.06701524800654,26.02596039294538,30.232514624414662,38.27714357981928,30.871425356305604,21.007386643441915,33.34364732292783,20.10708465224822,17.40531723859242,18.037705022682093,30.76238048941128,20.637226944623468,15.075862591589472,16.89221143485891,31.55864594047993,47.3681552487848,28.53151154543446,24.38318374517633,15.278981608308346,17.19500164994227,24.827453138445787,24.172527205547294,23.857389753427974,19.53691601550253,23.03898536257632,5.107528156201097,37.31196163972983,1.848791761654206,28.74944141068823,16.804341447145678,33.59281850876499,42.09876342406269,37.58575719913465,30.803650473111915,14.15524516208807,22.335901728147064,15.879321215756717,16.809920943654213,13.971368678394535,29.69032784153701,8.279173730892895,22.104531261038503,32.15670559492977,27.128443665167108,24.455114342456607,28.775073990210704,8.736704252701735,33.43309460374378,26.83657998552112,20.19475035126469,38.31347262665449,34.65496008956552,20.953363880445867,40.15801825396925,26.171278642295253,35.54742917937344,23.639920898465387,40.75393895687574,34.10406020320252,24.121578166648128,29.88711327475887,27.0927052494927,42.75730212470293,11.434065152078876,7.529975767277483,32.63862818943066,27.73609729453634,22.046460892507906,15.49856034705953,17.066877496139885,24.089692599782992,45.44087633635135,19.66223158233481,14.47975467833776,27.06166819984673,44.94073618228018,22.089985288980145,14.364621893994862,25.850832761352383,24.67254175151691,25.28516111607105,25.29725654751473,27.17006045507589,19.18196937091236,14.783639832512357,27.789513629781165,31.9838488748169,12.792928004789356,15.732894639864348,28.58898096920745,22.560002342964964,18.704027191603032,18.017137506430416,20.76932605372265,,,,,,,5.6,0.0
,,,,,,,,,,,,,,,,,,,,,,,,,,,,,,36.28507176067064,24.35963712749322,32.108096398466955,39.41694962164559,23.706883842176577,31.20093501117149,31.08667831694268,27.96295844622176,32.28873713077749,15.087022248522825,30.759372917570985,13.150201822402389,29.20651971759617,33.92757175543668,30.0771715186612,29.122619687340272,32.90262053553962,15.626630124972015,25.64488433843944,40.04171144432342,25.628408622968585,40.0351194680624,44.770064828632194,27.049189826803545,17.469201259313518,25.335956989164533,34.451419946925434,21.943224276288056,30.79998913023412,29.953222538491254,20.731886751223666,26.412488514615493,31.393494439444115,24.431388276286587,34.27890408540886,27.820094852480125,36.15843816999818,46.507041582337656,30.72995324101095,25.53561578215613,45.129388021672,21.681028367184076,19.463166619410224,37.08022239668305,16.537837815052406,26.014709790408844,30.86485200565761,20.33296612575925,20.35784966720808,14.51227686977166,28.022795183632123,26.937405117282687,10.457466705165444,37.50593208207472,14.339006844077618,39.014903927363136,30.000102357070183,33.02060949822967,27.188284335082205,22.148640825339136,23.19783200138009,25.473982561769724,31.799533954160932,16.970630810953804,34.69196010524692,23.88585110587493,19.266180083122222,30.51309812681057,46.06596913166277,21.048715155279183,16.184884682021107,28.59210280297522,25.96635341816212,15.635781327358094,21.46109541924963,32.111104300367955,39.11717020485079,39.33376014187008,39.2431807359078,27.044511086964896,27.00834484246814,14.9368956261813,30.71261783605137,35.2355600026959,0.0,35.80708469548723,32.787633124296285,23.96858283406056,42.0279688978174,15.786244245380557,20.67577028625368,19.79415598828311,44.29489867338708,27.3529199620589,25.1626985835688,16.200435467079416,43.8329816182095,21.818463388789727,27.22218427612853,34.936353853224475,17.67923300745321,18.79946245584918,25.302906643847496,24.94919380250533,22.009491646533156,27.517632899372817,14.050694067767308,26.376504066926746,29.8923638650781,36.19098358003704,29.45430938291942,27.904906830325142,26.32852773280129,25.553071443244725,19.70826551356427,37.59613228435052,31.528202990226514,19.7733546161718,25.52765120462366,15.275131302290418,34.22509845350676,43.503029321701305,12.439262517314893,49.17821622231594,21.113701019015345,22.073310283313987,12.2806558710014,25.91460295236094,35.454185382524656,29.668490362307512,26.23203677149473,28.879246754889525,14.95521244720718,8.114564123810563,32.76771557124374,32.65529080008582,21.773347534501998,29.68984931482128,34.61235522145933,29.43855290745091,30.37015315908891,47.39870473287483,19.02651441221925,24.776751108312723,27.78772204412792,29.77468873346272,17.536629922291404,35.53208178362108,34.890624670066536,29.747015191931524,12.870895216670435,15.482542605393949,34.934267148468216,21.36767185010648,19.38683399536021,21.275430799667717,18.710732871661577,12.390344364410248,21.85073026489645,16.76927986728461,38.93661648287532,25.940911744870853,23.479972560845976,18.14285882415957,27.79288280468612,33.51633027473912,22.749498914320625,20.848646658877843,20.598636511368465,22.41951210780144,32.978051055159995,20.56250617459021,19.314496358222154,34.20603909756892,24.942934486992684,19.59508601802523,24.046503163537416,24.720979961536933,28.05049032153772,26.332712125789158,11.019031627851293,25.23909714085121,24.571346927761297,22.41734776040719,25.571179989305875,32.228894858173234,20.43830002283815,22.17693191214211,27.00074505577822,34.1660714986233,31.771342450109632,32.5228630873966,20.790188750673394,15.350441092880253,33.80482646121284,13.174151157078768,42.30207767452828,35.43777247183801,15.49901106976588,24.17124136919998,24.84189073008589,33.430870488607134,27.334079242666867,28.92109019460078,17.45045527247216,29.88284682422338,37.08187988197459,27.93721226933463,22.221825208098817,34.59086137004474,32.77520914839836,13.9862590094872,26.671229186636275,14.367335687948808,37.18408772135912,27.43186143176016,29.08922162919381,24.43244135308016,35.216655707352835,21.491155024518413,14.481286470820525,32.14641418687868,23.722928778067008,19.74981945060762,27.12075580467735,31.420013530427283,26.331041985999114,21.81719707601238,21.298749399277053,27.17119935381984,21.665887992856728,30.19558682492744,27.85144513069272,36.219417637865405,37.683047167305226,29.819830692721983,23.38503844749161,26.47559443265051,29.7219011724862,23.569552793054356,28.2570558517044,23.535004408754855,38.91558833269539,27.488765075818712,26.282339810790315,30.796610523541812,36.18299749954223,26.540991724233447,25.28616123118072,27.766456789486504,27.22291169753255,51.89684455030069,30.86471316562596,23.98555899624333,36.52756301793547,25.07296684078774,29.86372123709169,26.975114862951692,46.54044304399095,35.66605552157748,15.82776874646655,28.905247073101304,26.43513215864293,31.769031869196183,39.26235725456778,34.02598398591067,26.72468343450681,16.07039375312558,26.7890677887675,26.04189605521648,34.142832293504306,34.61033899561306,22.55336236313334,12.375815356282349,22.80924367245964,26.26370633509884,13.623059641576855,40.65251934742592,45.75782967724052,25.02678578795625,40.42874892825338,26.29426877951662,21.70497243883609,25.148765301724577,23.01838780930241,26.898822376527956,49.86695368087285,33.31763730793538,33.52352926412401,14.686947857474502,14.989392266990809,41.03722886849312,23.696149627956995,24.73106588411968,40.02013354880643,28.28712154249474,29.99169255749788,21.132613648456505,30.73434702665384,36.56517800244239,34.36547084969925,39.05313821404249,28.695612123620187,40.28413762349066,20.81111632384021,11.726862888972738,28.803516103740478,30.466028030409763,19.514846082926915,28.133874112543847,23.609969810312958,33.90472347295058,11.890912672875528,22.778774378024625,21.6045114681034,18.219482189488307,14.206907312571332,37.70122053213103,19.602516973817647,34.20133746981778,25.284032516943217,16.47955858443603,43.40792043131315,23.98396611749609,22.009848632631517,17.18613065083282,26.471662901911102,23.688468152499688,37.890937372141074,28.48076386803088,29.705879180252804,26.56364129032254,39.78828165124407,16.28955877271485,40.75137725528846,26.75424439683905,23.70435889180108,44.18730316108925,28.21326219983964,30.547139355917363,26.940714497159213,27.622224619873798,30.730924076900536,32.53917364266618,21.88434358135428,13.383569802835558,38.94054733883743,35.35240523063794,20.65154234615741,19.074162110002558,38.02502679238429,25.354944210847098,27.41228598282595,23.01311166713968,13.190451054900542,23.37071402045775,20.079097499434333,15.86035480214976,28.41329539312341,25.93514651679062,4.285254438139894,17.421160555186347,34.96222313297351,35.6840720405919,23.73171277963625,26.022558132819583,42.81410513306139,13.521819412974018,36.62066227149202,21.65291484387969,16.292276740736273,40.13281389337063,18.538652935351664,17.676941421656284,8.188309570961042,27.11659516063696,17.035017122426567,25.66601978374178,46.585126427321406,31.26087084312625,29.313084554455493,23.96020903687969,16.950465846724082,26.105030796141023,33.686083318610386,18.565675325778088,29.47283880384369,45.53666541708421,23.182634790500074,18.562893127894675,25.480886147886164,25.533307335800643,28.84037941351866,12.429070432442495,26.29117768433809,18.02813976950673,24.14900117858807,34.437224049775054,19.3667162964586,34.12875792143888,29.59196471038316,30.83617797459845,6.603998163939413,34.16180354464286,35.08198978097179,23.59725967195295,20.27317186438664,28.628421389472138,30.29744941646532,37.90140969719615,30.838481481362447,23.88278358389096,34.212048524295824,20.723495503338743,17.97781695308138,19.381912979949966,32.07839959414952,22.75017853936008,18.89859922366065,18.69780584641961,35.92317757073561,46.2386195879969,27.618414355215855,25.647522306332096,25.19858292620133,21.43026281302657,25.060808294856106,25.758746813376412,26.567998670561018,21.164791146340622,28.352087518149965,9.267498205226303,38.89109806440397,6.567251078770465,27.38481931064621,19.613717873566017,32.520109647244084,42.47986676277284,35.029377409255865,32.08622120789266,19.06685025143684,27.790582411588645,18.64124611549546,21.73124402153489,22.23048177719371,31.970884816283043,10.346330954716858,25.112483003481188,33.05000834970225,31.76203109581134,25.431879000487008,31.9709924165656,18.510860554307907,34.17031747250612,23.03955995579836,23.351497432663884,38.48403635134712,37.4380961564565,23.73771749115723,37.0276064903559,26.09733430368137,43.980345818078426,28.817525623948637,44.3632681847948,35.158483204313896,24.731845982400653,31.81975748546689,28.96018441679829,49.39464114019389,13.720799768264207,7.676638198237493,31.26271784865725,29.696115853910943,24.18636218525904,20.64925196922187,20.86516397616277,27.160568486035327,39.875496996693855,24.108635549120443,15.96276813345972,27.18471709502436,44.562092324708914,24.402494764565965,21.05484765352841,27.105498281724405,32.66312000103401,28.023336216582788,30.24675959632279,25.712476792482622,21.710398675129063,20.59379668588308,28.915778006171536,37.186414428185536,19.52598370156372,21.74174357190862,32.883230598144806,23.732920518007493,26.616257580479488,19.93784803372129,19.917052039389816,,,,,,,4.0,0.0
,,,,,,,,,,,,,,,,,,,,,,,,,,,,,,34.723673329591314,27.632371502161323,35.94708812697609,40.19270654797962,25.499743071741637,35.68685750646805,38.3603151421547,33.84612578118324,36.30504663121772,18.82513672982877,30.41077490795515,15.251198912995122,32.79696494623219,35.49093314828618,32.25033647735604,35.20937941777355,37.237227268727935,17.579342642964136,29.339918644384635,41.26211568541249,30.67197762733505,40.228067669208926,47.71566945997997,32.18865225145564,17.43426600166504,30.756876071435453,36.273093893515856,24.39698212387042,35.313672589094864,34.84559671771337,27.94703132315527,32.21597709484333,35.26810605137982,26.575961600918944,34.19042304940269,29.50446278912397,35.25656389413247,39.77447700807387,34.54619736629168,26.72904240220796,46.80555668452313,25.826837026713942,23.810643406123702,42.07962411172276,22.14517451141065,29.99994368183494,31.76175599557132,24.371860577799783,26.05737346678146,18.015322955786782,30.304601150581394,31.616540176921227,14.617185218718404,41.14302559219787,18.75668379982494,43.78929561399555,30.462186589175857,36.58030581454238,24.55426642026932,23.168056261336897,26.45264403207858,32.053668937768634,36.54271528967444,21.06177353675379,34.60803968390818,27.941314065983857,24.143770678088018,36.91659405973522,48.66782549326225,24.467325977077397,14.23776649716139,32.09287591308714,26.34016829709574,16.214660204886925,23.739149863574568,35.40262617860822,38.29854724362157,40.136516217242445,40.8811587953209,30.6643960724142,28.5320723547862,18.99422154374554,33.24801650276195,33.40970003958183,4.522202913274048,41.09079682504824,31.91087578768579,28.56344064281703,44.52686539668711,19.182652157579387,24.30239345076368,20.898474717025877,43.57680269994894,32.21146611164183,29.28794989346377,21.323701652131245,44.232209820107016,27.462220583394743,28.151942125659943,36.590886334457565,20.496058993525462,24.44505419525124,27.55729486865657,25.796402478281724,23.875828916339465,29.23481454070053,19.08992226888045,23.201494018879668,33.22251370999674,42.165402009692265,33.059515042502724,30.16480426384507,29.197218110316907,24.86919767910587,26.34812013092041,43.09560472577554,36.334251099087055,24.531603309210315,29.164045771193592,23.60080416428969,36.79119300502131,44.63809767491441,19.82616740299015,56.61176917431416,28.82261723238373,22.00544139697757,13.791052577546605,28.90955184580664,28.757341137521028,28.64288798855395,26.551619068021125,26.4200913225242,19.123303096630444,13.88889690017193,36.982490950119455,34.61757856807552,24.439706543826677,33.306308785048245,41.344838081961015,33.22393541924113,30.055601327274463,49.53264155427629,22.68257761160546,28.900028967777967,31.51438129402047,34.641631545198024,23.1343001889653,38.45095362995071,39.20326357663627,27.64318381941689,10.265413985533304,17.023376705367074,40.20242936073159,24.7039409487575,23.790832169267198,24.091714067325075,27.44469582649297,19.80133310691018,21.800957475313,19.849490915647685,45.3691109538111,27.318320552089745,28.549749494194227,14.461237715470004,30.36515520204179,37.07470156518192,27.232169757536813,24.32257845142678,23.17192814894178,24.574645743328045,35.70539775168139,23.908004123886883,23.79665823057769,36.99031048816856,28.653271814072266,21.115116934827604,27.371296742118016,22.5608884438195,36.60805093331032,22.233615702440588,18.47550676143665,28.41463988382984,27.996415381212035,22.689209772721878,29.72911549527083,35.477634866431174,24.835638141296517,22.00316937321871,28.17819390247281,42.99455758044527,34.913894316822216,33.12988464907836,22.669412267614344,17.672703955669025,34.28761827747053,17.856179259841642,40.05987562052088,35.91659510490962,18.01805943227642,27.163127087796973,31.881967761159974,32.016737212360304,32.868725020387785,34.79988013456095,19.27195870724084,32.18422470076596,35.233516722798655,32.3090504126901,27.55595691229761,38.97695508954782,33.43807128265031,15.059342185305391,30.594188047405776,17.70323167776044,38.33513375366032,38.81118114782415,30.19261469899719,27.438010588068728,33.62247396297544,26.09956373366918,13.241396692025178,35.73931314802048,24.651787426136675,24.551253060706543,24.64629300072845,41.1857192881865,26.696890965647444,27.92853381643792,31.300631144920608,29.89738868483513,19.736663620720137,34.521631059848225,34.17253613671938,39.77168577846429,31.516856188658977,32.76069285765287,23.37508261831721,31.838271735064115,31.21450979855753,25.25270724730279,32.75856279945986,24.77199331093014,42.728629158684754,29.101603568642552,27.774897063818468,33.91233606551055,39.64691905943354,27.561453173940663,22.05232955298357,29.061397598531475,26.30747899034201,54.07645633831932,34.28352172627228,24.33917678166845,42.73889092390726,28.771722728156472,25.85116872925884,31.43535128805749,48.44592953381556,37.95488561598374,22.83434872572318,33.090418710189404,26.99593979435549,33.6885708647373,41.65720672207622,36.33501172702785,32.84369762624267,26.900259727963963,28.307264513323275,20.67675815428904,34.640748037249324,36.93736932276225,22.24641857201555,16.716324949951638,27.045441464848164,22.74372665429001,16.970282420483496,48.29040823239375,44.90614523381574,33.16572351656626,39.60762217608472,33.89663190100659,26.01903602367375,22.725559955401017,25.66646043932312,30.055874144110955,47.28145635119881,37.7113206746557,30.067067250676157,12.592643448087273,24.36043820846243,51.63053977229058,27.28311424276617,29.272366563210348,36.95173221045464,29.11829502521885,27.866697343146555,27.413036325508514,39.138585331274776,39.44076781905903,36.30084159073427,48.43539354973399,28.627763006758283,40.99648130245027,30.857605244549163,18.144900161136174,32.94052586570178,31.44653950865483,24.202724720028407,33.03758242137274,26.98264295233315,36.86172537668164,16.74629341200071,24.469613807273262,25.20567680398929,20.017765891145924,20.94752845546593,46.68609749620137,25.842028902106243,37.81458717667266,29.28683095054546,23.6482033626488,40.8064913267952,25.144384562230176,23.447354288297426,28.06844777106057,27.088896626616844,29.353427130805745,37.91168917059304,35.502803721465334,30.6189279376374,33.172719758829885,41.124072687182384,21.09859670972336,39.57619810275091,28.506626903412126,24.660456262334524,47.11549959885778,30.221423515279717,31.572553339281043,32.29843067554205,36.030503389650086,33.33921545952568,36.68968152611973,25.025289497617,17.280070601669046,40.14994938454417,35.49193557116802,22.67297731438995,20.514373078580764,36.69951998494501,27.471955566132632,31.46201117772469,29.590658214840715,19.590160768282743,27.187933362584918,25.73406535587335,21.577272528121984,29.331721235183487,30.96437719061419,7.017787301906542,23.42375850191266,42.96270000959511,34.7242818761011,27.14049000639508,29.808634037085277,43.76448752560663,18.162713371932067,37.60343065821142,17.257707874336162,21.64601485559808,41.81947267007429,22.453644566831453,18.806206761857737,11.640826353444716,31.34102467539317,24.17643894038284,28.09460613971842,44.3183828555282,35.14605332232909,35.3095014603164,26.590342087030574,24.55599954645857,23.14915604476161,34.46302569616685,26.7809505442354,28.408870228883515,47.88553433548319,31.57722147774478,21.29692121903993,31.04805622303958,30.395890247923862,26.97727447201831,10.710482178486735,27.788181480373023,24.176207194043364,22.435103651926976,40.28256501291952,25.559638648616836,39.19365239970115,33.04049966179692,33.83731324951155,10.532379445267622,38.89853567451637,36.92867049100269,24.30322117635672,20.62533701472635,31.18587140379971,29.15618765574935,33.75327074657598,32.952339517873355,27.01029447465576,37.32421585890822,20.533052380283948,21.74930544459008,27.725380722071822,30.91966246514476,24.9147947107665,20.355259342935163,17.04593802919299,41.94994198189787,44.291542374073785,31.631911927445618,27.43059918092495,28.96199837798629,24.77338577716299,27.047328299642363,31.589546648775457,27.987385005190227,23.11356585439674,31.69613898052522,21.76174678649513,39.77862116929137,13.66357815698496,30.430166870077976,23.774032676228817,37.00069282753976,41.280496024205775,39.18541253699129,34.40303554705247,21.5352857412492,30.6100413285261,19.857946220520724,28.215305885870908,22.586876108354243,36.181595089579325,11.557444244610322,27.984262453577728,35.11245556747739,34.33009847185106,34.075231039207274,33.30368873415199,24.24501460546854,37.186279641025386,28.516552393523863,27.237218618627384,35.46063262975529,37.006232021084266,26.43872470118941,38.793117569386204,27.730553328011396,47.198192898045846,28.78092373049127,45.54318911591881,38.12856771887118,24.267859870921303,34.231265167668724,32.581338334187706,49.77983850565503,15.70117768440733,9.35657491911468,37.61678014423784,33.26196376822891,23.912174690692865,28.12308856872437,28.288262582347123,33.828770020370214,42.68414973047937,25.64193830306526,20.117139401463795,27.55720745194548,44.20817044357678,30.960357179541603,24.60517795703652,27.27465064051534,30.79352838271524,33.23276268960004,33.82236899988728,26.812450398482422,23.705766430710053,29.51657718979415,32.14306931813645,42.19921808061583,25.39334801588423,22.26771656750986,35.99152146862142,29.925751665532136,31.20801325413747,24.79167601947437,24.71015435113048,,,,,,,3.7,0.0
,,,,,,,,,,,,,,,,,,,,,,,,,,,,,,28.7033050087897,28.11904555274185,33.85984512443877,41.94443826046653,20.969796304318145,27.712364578951387,38.52773974095133,32.57460537036735,35.13814860670347,21.33245905788205,32.666420797319766,20.135353309916187,30.068642273862807,35.9082970127207,28.72421290957496,34.11970656903746,33.31729921067656,17.246575238414895,27.59836350261021,38.04461597502587,30.067914813614,35.14627237505805,38.01976169840374,31.48073770143013,17.48706951539691,29.53412607908069,37.92667391430944,28.14124020263253,34.69959826053648,34.271647368012225,29.72594159885013,36.198912885325605,29.34582613736351,21.70048546030524,35.208625642822376,26.11928763456952,38.17503569128216,41.740889045514926,37.78100337813852,29.895317825351317,43.40276908072569,27.7495051296822,21.585777235660824,42.11870114412457,26.48493559750594,31.66677161779964,32.46906718648835,23.51171778499003,28.48579330976944,19.24221561204925,33.08667567988935,31.81567610952648,14.84002909119604,40.3534608423136,19.12430826775019,40.94134113383299,28.277551731988208,28.846385582361165,21.89063373042545,20.44560276987163,26.64449237162336,34.17498645410004,36.86312486713702,21.399887655209184,34.793564324040425,32.80937785193428,24.84510874521592,32.479671059663524,39.637504483376105,20.663958610547837,18.16480139852082,36.10866243254954,25.16528381803784,19.20674017781968,25.87170283835796,31.752575781268384,36.28175288884536,42.40025377850089,38.41863542182919,30.021616925918543,28.386679307320343,13.513990516209914,32.13194737793525,33.73683911659801,7.568893455022422,37.87246567738991,31.464533837217765,29.06413515243027,42.41115229002842,20.068467194764377,23.87699563749259,19.81008716268552,42.57206930717588,36.64740620454318,31.64204134601998,27.67901130369284,46.78503195810802,24.889450159261653,27.44526663989701,31.9564774548752,16.971790192371078,22.835841152265377,29.14407555295413,27.77202188208096,27.553002601854494,25.96253497379124,19.74562957285241,22.66765589563616,26.06169642943128,48.043696139294006,27.770661338213294,32.60730199339221,25.22675336983718,30.25104918260743,26.39887325751945,37.07645798626789,35.58546808908486,20.73409749189896,29.74779913465184,21.565571374978955,30.097690528370112,43.96909087233095,23.7446828460958,54.55367094841618,28.93686978394925,21.30560114997717,14.547335128250984,28.437531128207432,31.647097424133538,27.91943544961761,30.329200547163158,27.05220201919341,19.58179119148044,23.550465315730417,34.71009735288522,39.39088930887061,28.450629352547928,33.07009327604157,36.94129426827477,28.92790132153556,24.28090610245312,46.929741625259865,19.743402603330416,33.72877116071496,27.85939723321925,30.585426738923488,19.746235596164727,37.533624772132846,37.85955804409815,21.821019067936387,15.372789654074015,20.879478511207573,44.94417968123,24.506991849010834,27.75798798144608,27.46642173466469,28.673139598242173,23.02347646739448,26.39942630093784,23.3551005355721,44.85366540162519,24.775279813604485,24.209509425645617,16.108472773044376,28.8197506844946,37.60223242398672,27.73739932690252,27.35523413409154,21.472787725029217,20.74353209328453,32.64140192530168,26.9613303818095,23.999166798731007,36.960756805984346,29.987497775695942,18.722609342965274,30.75379723941188,22.90280437314821,37.60837944064063,21.186345813388144,25.14662165983456,31.9154951142168,29.3587344879179,25.85303926453277,30.72201547719324,33.93513954864883,27.5946361691994,16.805296991883953,25.830504207829456,45.386083945285066,32.262321057920545,35.86634655402859,19.984287910595334,20.6472244739797,32.53673938304471,20.46849227966216,36.12781560896798,29.47234673005229,26.63940396571364,33.53436824619171,28.57379565806324,28.916903738956385,34.52284919374148,36.244100973653175,26.19287012827465,27.223717209456723,29.213766674320723,27.697087216198803,24.358806992912942,36.5899125060986,30.80558326375261,17.506884094536318,32.59295673318642,22.291715184189968,38.44941252631489,38.72250040266859,31.06104290010074,28.446076087612774,35.40383214692383,30.131078184312848,11.33130962336389,37.656665742195024,24.605046634029893,20.425534957101974,26.211440532293764,39.16847778100877,28.323779240239315,30.65281780779956,32.24762919816436,30.74987969218529,15.896038644885763,37.16969811895895,33.1611542760133,31.329010567290418,27.384633355592683,27.584266157133317,25.01777898715832,28.521964361474662,35.19036248345442,22.91959431845128,30.55387779662502,22.16416464861443,35.63961156358392,30.30871151502855,27.001158301709552,31.00221037497468,37.34022818043634,25.14777557478585,23.464357853600927,28.202866406456536,29.269016025739536,52.95221034367816,27.595095463017,25.046385516205824,44.69996716250776,33.262232673636724,28.834454319368703,30.39946646793311,42.06694713347283,34.39173300273521,26.40906153370669,36.984476889248334,20.03881974865413,32.06829841374072,40.04566901766752,39.593632559957726,32.262726211315034,24.67800829339522,32.71403481864737,24.38995657954367,33.33430058778728,36.00384629416574,22.94314107896797,20.67322105138049,29.051288455263872,21.811695635832358,19.22847120202516,46.916182498849246,40.66714853445465,33.53962827776594,36.146537617314976,31.14470347833693,25.972437853119864,19.26685541803452,18.08254964179144,33.599246838026346,37.305787239146674,34.196020809199005,31.09039795200619,17.964338614983724,25.44534613783997,50.049836594286845,24.654183836234346,27.45749800422326,33.750732919617874,27.8820247416214,26.292203697529043,27.48732761599412,35.05459778105048,40.641239954242096,38.8141033379485,45.360719035726575,26.107077747912708,37.12275587540753,31.272319625440566,22.179274186754824,34.68625977705344,32.80787871013313,23.59334703929169,35.2593265538574,28.19131980243396,35.49957085621333,14.856779060662436,36.981548521052886,28.214724387161592,19.960862294319654,23.802941137742145,42.10353005926797,26.719476520315038,35.8456955866944,27.224563135266663,21.20638517612868,34.55074854097695,28.163665543311865,19.64566786942224,32.05785392671031,26.835345921716414,31.883730183737526,37.501333868791725,35.261766194036696,27.862544482345815,33.141300321721445,43.09396707885674,22.11392370660794,37.35927998734057,27.810943135082844,25.807440847213037,44.94046644013056,30.539849768712543,28.11896293694578,34.369642903577976,37.70893400319467,32.66965140832778,36.36864265468668,30.567128900003546,23.425160229023067,40.54603280150363,37.67138647508151,23.89753920301589,23.761818804690293,31.49057962078915,27.344197359011808,28.758864827643475,31.73749900541045,22.54882939656876,31.96274200343717,25.90155288618823,24.540104476401,29.331360596969557,26.02035356072992,8.65783561580583,23.632571446588837,41.09159633856049,37.24579636574159,28.148429896831523,30.42012169552237,36.526707426323966,17.47146720719841,37.86995718105441,19.534239499705123,23.562369314512097,42.48601829798913,24.34788582230237,17.102560254955883,10.819111702787051,34.65915835771227,26.27405677038781,26.98070295021074,40.07887806901836,32.46675648183322,34.14356355615124,25.112721247465664,18.669895386956355,30.228626282621526,36.59782128257822,26.39996369614256,26.662658353169817,46.63409049423519,32.86811583744993,25.189344669099967,34.25330893225314,27.905609396754283,27.5989904090312,13.452400348666352,28.288183140558523,25.12782315105797,16.99188447947736,35.85395469169376,29.82856938651843,44.36401762230741,32.14403464452543,35.36474647635988,15.82070693636192,40.1463599446971,34.19323205966532,26.32639211216179,17.7095057925528,30.52901206965779,29.71724937192783,34.25120101500624,33.2162574373208,27.423459318833256,30.03016418684377,20.58786528123124,25.0923755306139,24.318121548661807,24.821515618127915,26.97338792245062,23.748476020239107,16.057256174516922,43.68377335032288,38.52013296057692,24.839621600850805,27.54045847842822,31.794915000079147,21.345870016033835,25.95215667449485,35.72664954568193,29.63435010173739,24.559892109677477,32.910572387148854,25.599273289327314,39.68903700958905,12.40119827257084,34.02652553064841,22.81661539283569,36.71241264895245,37.04382380986536,33.46111480506216,36.82047640527175,18.98082628654012,26.21893326841276,19.17675352833088,31.84813151097967,21.631850576318858,36.65124718782912,15.87833194272877,27.633296995846024,32.65648795398929,30.09224314202982,38.21360655428428,33.32149410287475,26.154639643404323,34.464860397262925,28.045928607337714,27.80811677876784,32.17007400207657,36.95354740326715,24.549286348304168,36.893677887321786,31.526898195075507,45.8333110604496,26.00073356324106,47.66520736246579,40.40872631913534,22.5195896047902,31.126095385067718,34.59268439717927,42.57828288752079,14.483325729921596,14.095478261499984,36.35089939423728,27.306039632035123,23.530566629130437,35.567730290532374,32.43424641896193,31.47441407895125,41.24811236309143,21.819877278329763,23.81420661044435,30.12460312113116,39.63996741848528,29.985383902714958,24.86686768911916,25.452130310740955,27.68247882656512,29.781620334690068,30.92949276739792,29.346870680491683,22.21131169608628,28.212910092814308,29.31971483669978,38.97160927742818,27.08321576110322,26.205160857167257,26.716096184770205,31.377020067347743,33.834214090663835,28.291109431484053,22.254443068468795,,,,,,,3.8,0.0
,,,,,,,,,,,,,,,,,,,,,,,,,,,,,,25.948936842799064,17.973600834683857,25.292286674484327,36.72891135817156,17.89857483345122,26.55158415096168,34.52302963293396,31.962089246039028,29.67068773923866,18.76039648663086,29.642108669367435,21.456312415098974,26.59562643277881,28.900420398939243,21.20850280537833,27.02212188222973,27.824216790354257,18.814722905331127,21.105448527694108,33.06134236998856,26.50211131724903,24.93772731807999,26.861611120371222,26.34218044825073,12.017312172119697,23.08140600143788,30.77244101765697,20.842977549396466,25.05705907747481,26.651450782497157,26.741574006595453,30.48564224360012,22.17072254608484,22.74155250425791,28.694238689104168,23.03348680540016,32.70642461777638,34.36515980558055,32.8074746430328,28.546683976774545,33.85380754712911,19.655804622707,20.94500416734638,33.5109263328002,23.74912856425181,27.37858871872112,27.41792340177969,21.31069117027195,24.103133693159197,14.65458211513633,26.93621036779541,20.49873273022601,18.640152682471783,32.0190944598015,18.40389613197212,35.4528358246006,22.42605004311057,23.156192442361974,19.7550223620919,23.3357315674071,28.691428448282142,30.39602420602108,31.126153825928256,19.457360568461176,32.54631111429741,26.02494317218144,25.27879565942052,23.384951442127157,29.453299748628478,14.981420843471374,16.715001879590275,30.661031815150903,21.799832778566124,18.389864522829424,23.048391370093697,20.774945884789563,29.62969710450948,34.73765515308327,27.12284520162376,28.4075683685827,24.578947938657667,7.531262067719366,27.832839889944044,31.371251613411548,9.330300935454028,35.10872480274014,27.91458765050772,24.35241598459009,35.944125160868715,16.884232016416377,26.45372420194726,17.76734387662822,31.618590271034,31.176452781181784,25.219752625134355,21.477097337742038,44.997550862246165,25.02431246674642,25.014519611636548,26.86114043428831,8.715376264001867,17.20701781580039,27.09365906543642,20.60155111304972,24.406107384602617,23.306033487685,17.162052975624686,21.52588362804661,19.1923457554328,41.65935505479,18.655874505690303,30.41633992047431,19.13841005089285,25.742698162072774,24.57351301821606,26.62334592560779,26.276833589048596,17.340514789801137,27.360736289298977,15.572489008934037,24.351044702613784,31.55716976054374,24.21079580147189,41.92872929324128,27.123898766937028,17.226444728763322,17.76091002914038,25.629395797797244,24.104917048453203,25.326088988107827,24.48508055902308,24.11029540900211,21.402836705404983,18.85928717014375,27.46098572107922,34.00334117340261,22.7016589800439,27.934364803702604,29.270018739851224,24.98842524547008,22.40013130641773,34.65511543607723,17.37505518035764,29.24619187958456,23.678552897022616,23.561432720073142,16.264005014595774,31.894317231735634,30.02468171325276,15.926538933503537,14.703887437609648,19.527129166769512,32.61909510048655,17.609952338662367,18.898580669072132,23.6727174538987,26.524956806304328,21.53210951269816,20.42987945214385,20.49285284964381,38.84565945162007,22.92330013095295,24.802102560592807,12.830316984127366,21.3553471537864,30.378931652433167,25.688884407795072,22.39941085532416,15.133757960380418,17.90122910088298,28.734680159534648,21.818192226814823,20.861785605286222,35.86971871753813,23.97609036995153,17.967623020781932,30.03435981629582,20.982154567623684,35.981535714157125,22.21406112101023,25.19577835897553,27.40452883108249,25.47124720927093,20.4541304314254,23.605086085326025,24.163917601564027,22.42993672930921,17.01342385494753,18.971151607718745,35.24454812097137,27.69148979618853,30.76129170854678,17.089206695035266,14.876149885936726,25.041269858381813,21.944478377139397,26.39120152754603,22.32954809809343,23.37046943178575,24.90817967438023,28.307112881162197,21.91816294927513,26.70377684374779,29.64737214054363,21.88755282161358,24.065788569548843,24.58864330335736,24.26283123053968,20.35186684882566,29.29100160655873,21.90149551199661,19.5635752147844,26.38269253050921,19.58492714373101,31.917689249405708,27.0142984961844,25.53274761695672,20.03368454729496,29.0856135579076,27.08672391618564,7.56621171806966,28.671762264439494,18.534783734771075,15.552791828583851,24.16183753340569,29.04568902618273,20.15237425519504,23.69926800522702,26.34280680137937,24.84751768725559,18.13991138939924,31.764817152157608,28.43571100431193,24.1187979080514,21.63287421688085,18.3969358765268,20.20671774976137,21.43487167211065,29.214787812893583,18.856802753372428,23.61947181320099,21.05483205615767,24.524165149595657,23.93504443874307,26.50254822540972,27.266963542339223,25.989190687130208,17.55946233497749,25.06368789038128,17.475588853717273,28.06699557574937,40.28477374957089,27.249687165031077,19.850818677582936,33.19393788816593,25.094652777041304,22.98647452226905,25.68977703827311,33.58093756100497,30.432733556714297,22.16027561395211,35.039809344473184,15.31730164021002,28.47150888655551,26.71956753981261,29.341647075122896,29.44256085739324,19.652806381221243,24.12160991274532,22.917925434415032,26.69363184086276,26.53786789732261,21.912454992285276,16.30237614863625,24.520568389284552,19.66777981493225,20.619756815813396,42.05858003316534,30.45558926809675,28.82482881137618,30.80790770857406,25.62539077921068,23.4503965162142,18.70302228971189,11.346983339276278,30.09128168337493,26.918948917817264,24.826351173599825,23.70052691125182,20.671588992784297,22.58107808512513,38.68257391199992,24.779009171984598,20.35785786473333,24.256908837001035,24.583798266446475,21.636257017526447,24.83152063473197,26.89594319272129,37.38618326755351,32.83023576884179,32.266889758739644,18.09565429940144,31.712068221555068,28.613288537436443,21.493938101177207,28.764150082493927,28.595388470045343,20.625735848604865,28.466953758703184,29.231915846553854,27.630868622154527,12.176886927085548,23.2853513559788,26.301447628464143,19.631399017221785,19.677973481628115,33.57260431377972,25.265839476706564,30.22009194645125,20.81062484043452,19.246118768712403,26.17261588103824,26.120641224745388,15.54110671769346,28.940386156415126,22.53300252541496,31.068767206011238,27.38697120719149,30.00370290549132,20.67984551468052,26.196179866811487,37.35575070815595,19.293084441718133,28.26177880145231,22.107310867740065,24.018798693150405,35.22060152549363,27.948516447341746,22.2169989242832,31.174980950376646,31.43288474366011,28.96228515500388,25.139235628966144,26.151818884017285,26.24559312483637,30.85192498577153,30.22391967701879,23.15136205990239,22.27684090802723,23.96093338368395,23.434995658408894,27.8284032825226,25.483845144155,22.530737809276037,25.6916130500026,21.387226531179003,22.395944882061936,22.7572992903662,26.14290925622076,9.533125697836978,22.19998168539069,34.31391560321099,27.509600814930145,22.710164720079824,25.45223123081169,27.11343020086121,17.841630235139117,30.11472016249666,17.010509308815298,19.54896868138781,31.69511104311557,25.083636542961408,17.63743269691533,8.209068156565621,24.04023495536059,19.648950944905884,21.371518007725435,30.4006354978689,24.912392203720103,25.271633644857484,20.64622624489601,13.497431436687664,28.495981283470044,30.70707826251833,18.385563519728336,22.70055539468506,35.99544515641024,30.54959703252456,19.50516554223466,31.00342658185112,27.4507889209693,21.816501554951977,16.045972896050152,24.61850475362534,15.747808911061822,13.14733325712293,27.89488161714779,27.087404868710195,28.10883444040796,30.136944880677795,29.32726121249498,15.759572718516443,32.96107888359943,30.15543749983552,19.79570024410632,19.020555283836703,26.8273903690897,24.319641589547757,29.29719434558427,26.715455541528076,25.529241680986743,25.495161839507013,20.157220417156417,24.40896906657628,18.321882297519345,20.3619212835791,21.563001075080816,24.488223576316237,14.439129720376735,32.95829216753313,29.825666962368004,20.95830230962773,24.205569203579792,28.34702801491061,17.866035441064746,23.710381298794825,25.59009225926681,20.055621470094696,21.64643965757724,27.092464851493503,16.53830098407286,28.10878332728529,11.629608335974336,26.202374391052235,20.164118235760164,27.879262630521065,29.74651362413634,30.84710317635696,29.30427208138788,18.45375700062872,23.341093808531514,14.328431879471609,25.745976794044974,22.9780586173698,29.222731123568657,9.822581754741677,22.81382715663729,28.640414693299967,24.972445196855062,29.65189889813205,26.19867250108855,18.961914667377005,31.3566117594496,23.706109419519127,26.378391968074443,25.40811208602357,33.582501528699524,21.638908712417848,31.47791147393893,25.50666057252392,38.64744543797587,24.90050598368116,39.705875619854034,35.604273910055504,20.179562420604245,24.776761768811543,26.552726052093597,34.84835185473881,16.545301930648886,18.695566165720017,30.90464836272168,25.257484916267757,22.92914092619801,29.640262404900454,28.874956837251453,29.157400972044343,32.84290118365792,19.310416559484604,19.463556259451863,22.759695550701,30.68243354738106,25.934293822219228,18.848516477036338,22.05986966060036,26.24062421884768,25.167866395222987,23.715792716695223,29.907384222871023,14.76239037576529,18.51800300916257,24.66039087450808,31.955946626364668,24.475798625015376,20.58061294761354,20.90411842672611,24.400260914824734,25.23165126517676,26.51012241647792,18.065991277841416,,,,,,,4.5,0.0
,,,,,,,,,,,,,,,,,,,,,,,,,,,,,,14.573625957626328,10.1401480827654,12.194243847613834,20.916281328595783,11.257713701625075,14.939385290397412,21.367380272954563,17.333730785402793,18.82330905136502,12.69820040937731,18.110938037946745,14.894231657714425,12.61822947281395,17.250222079392113,13.48726333517825,15.931445712631207,14.251242972766608,14.019743281971786,14.889605355810644,21.486314222608485,16.049391734567394,15.84018506766852,16.42757031004268,15.764328411726536,10.426769171254469,12.673662939917278,18.27251664070861,11.338347058704771,14.097340353824652,14.9209063112316,16.66327127772625,15.114256262917054,15.316811276038916,12.259515895478122,17.841781996969956,15.02174248105834,17.51604941300479,18.764453490230864,16.72134389196465,17.592780848018414,20.74952147565343,12.152730069113248,12.011070094221909,19.03526807119033,15.546983596851051,17.781296089116264,15.842802595421656,11.87716153838294,16.489478358736328,10.939446629732624,15.531860001204716,11.646407980834176,10.326338912447827,19.71084382291498,11.009117653360304,21.44475994832418,13.511252153562896,15.092288478574332,13.82590919760694,15.53080793920917,17.967331285757254,19.000618951293266,17.999417237711455,14.369179254590197,18.72876552232103,15.106638601872008,15.662749532402351,12.201616689294111,16.854916595317004,10.258835217496204,9.07025322438258,16.294363344635773,13.54017382770252,11.633889328757885,13.713548845296962,12.802663851580531,17.427455710433964,18.975874771016866,18.38556668519476,18.838599736428154,12.990634453635227,6.413584277925909,20.04122562456065,19.24400280056208,8.804775684633594,19.55636367356267,16.8537768417399,13.2310565120665,20.673795612197413,9.248902923193407,16.308093169574125,11.504093447961388,18.487514314240123,17.95305148345838,15.18318729340008,10.767444304821268,28.437856628390136,14.884073572591843,13.712533727446289,17.55059558782157,7.264697550995726,9.692152491222105,18.18017228824653,12.620386122384735,15.58829445920575,14.92324995161268,12.342885559141513,11.49746247029443,11.89652045432345,22.721314957518004,11.41961269359867,20.265675989279263,11.108892915211118,14.312282767962952,17.57523944580167,16.438520208495714,17.886544886684476,10.922611996283516,17.17024773288431,11.080303117313852,14.759747257511137,19.570230976784494,15.710203744502907,21.17993566766148,18.19504903252102,9.073650418401918,10.161410156376862,17.125276689084025,13.123080794746706,15.16555716138239,13.455184777627728,16.23304940855492,12.849848254635582,12.903125257873771,18.046794830024957,22.82592666190613,13.04504735465124,15.075739191002532,15.9455004684265,13.539861502350409,14.592633694727445,17.5554307760561,9.164059261603873,18.23302497030835,11.580459280984629,13.795057531334768,8.458112268858944,20.0724176815387,17.261010501650834,10.91264806300177,10.379258256316058,8.656838067316416,16.985946174422654,10.603830168966764,11.607773596403048,12.285256707344033,18.353126466305557,17.843511070110424,15.099112643436108,10.088678522895275,20.13308479737633,13.890938077373187,17.256240413339608,8.969298007239155,12.653475771865168,14.77360581162839,14.653444078880309,15.319377645916552,10.064072344992898,13.370510486772144,18.395180712851268,12.314945754004546,14.450088167459404,18.20465711580712,15.005150688815595,12.286959560524153,18.73501541996783,14.882167120511005,20.02312771473381,18.137564041278395,17.284120057579436,17.46481004033559,11.685158663866286,10.964527341293634,15.249232457387432,14.029835245292402,14.085275785910714,10.334412409216869,13.68195386211814,19.6517657513424,15.957652276722293,17.1498253646425,10.896704943125131,9.82892110683274,15.250979498282405,11.460293826639504,16.340114635738352,14.100738433598163,15.400372489663363,14.457803096565762,15.293292671526494,11.448247589299218,15.270848409574258,17.371386437147446,12.13732079023551,12.97744252079801,14.7035619650557,15.393762978740924,12.769264534343812,15.140732062449672,12.56503348935404,12.486768061247991,13.280741913289717,9.698587253663996,19.407547705245413,16.924051831892026,12.068873110586308,11.4019042391021,16.073113996810328,13.376623469451076,5.30564921852665,15.82712425639297,12.303779261861964,8.901968461966444,14.083841173702744,18.002601400561893,12.317312739986168,17.863080566079812,14.957718425715802,13.82994638371171,13.13225007160231,18.978285062182987,17.392801841235617,14.399230616424976,12.37512477111389,13.488284745161195,13.818201207386265,13.076164701248093,16.955272329764465,10.800485323387564,14.138467512576582,13.78972954171487,13.69524385356549,13.367160019770104,17.317189319552195,16.151500566093205,14.454697277952553,9.54858311545989,15.659936363565963,9.556872934777273,14.957418919935042,22.70530151718008,14.679348395798788,15.023487676575114,20.01951024274176,15.16591946244334,12.025606449142586,15.470710995824003,18.399541072934145,15.90663339221878,12.350175102383526,22.25454938168877,11.91772273254235,16.583346648052583,16.20305878274882,16.323971938385657,18.193235597999315,10.890995125229386,15.633316853881372,13.807844100955972,14.098262323888411,17.357041070451118,15.847299278679666,9.977087615299478,15.317985358546316,10.835215178232133,12.326887654581371,21.819281969481118,18.10284555769929,17.635422672161912,19.371394104039428,12.4299814104982,16.729061886010754,11.17855455907605,7.980242122223947,18.00294100704098,14.390186762141472,14.963040699455524,14.946885338678984,11.497074286876996,16.699512395431036,21.285376736815923,15.51952510110142,11.837481199888131,16.391916171403825,14.883113039279854,14.012867897549096,15.252075433907551,13.997829788233172,22.02499714060114,18.285821460728584,17.276599162260982,10.632348460700465,20.6946906861216,17.224306548854994,11.682603059833164,18.7812773137382,16.461282274110168,14.352507981224202,18.62344077063384,17.080368260684793,16.916494899654396,6.507753372877071,10.715283596902806,13.00700907430127,11.830111065752336,12.854848061709443,18.21640449296656,15.751252502608653,19.293081560064948,13.907843388027551,13.236071801006425,15.243583217775823,15.719023359812418,9.274516925506983,16.53369313244422,14.51745221096192,18.43171596877778,14.245537504020357,16.767706173079503,12.988217662516522,14.404014056149668,20.30232978490554,11.574816028155915,16.40892378837868,12.734567970501248,14.148945475756031,21.077855419215886,20.04466658322281,13.920017160327632,18.069295473506784,18.697597620977437,18.08557338966067,14.763377280446294,16.697064182006816,13.492801134782823,17.76499980934034,15.963697105616664,15.677931280223657,14.144645406244535,14.527340934803783,14.058600565049684,17.922699479470687,14.628620844506909,14.982375433911,17.112334407232595,14.18298376814267,13.968115281431247,14.233204421864547,17.228776307956544,7.854138423196536,12.521956277836198,23.27815460032957,15.560841191051477,14.64228974377682,14.241520018313247,13.852039875910092,10.732265799799274,19.239391235579717,10.717321428943624,13.587264999609276,18.184692530583327,14.943592487425525,9.033651837422346,6.264041593762536,13.956673818791236,12.65753989630895,12.087862314379755,18.920619987223624,17.398094483400453,16.720902783804345,14.911567246146266,9.93585509626191,18.684949304668727,16.743046321061797,12.228916120698898,12.636795891145368,19.62978228251211,20.01726545084068,13.66311697143283,19.698453873278208,15.208047170613916,13.683739217107014,10.984360408984644,14.390128608139984,9.05093559437311,10.915070229887949,18.345644803702875,16.1658863434082,17.350673006097725,18.97116541750233,16.51227048423335,9.852260866994015,19.43580183241957,21.42968600770602,9.794708280523365,10.938982908579174,17.10768606842696,13.144483360443433,18.139000201138725,15.632526560020452,13.243050549187783,14.295841816407991,13.9707831606561,13.169674234005113,10.576808196767788,14.234008045985918,16.194420991319795,16.17697344110723,11.050591568829692,19.34179431984532,17.138313509118117,16.242373778658,15.915340325284848,14.739381646565397,13.212139571437168,14.239684699841224,13.650046523937691,9.565464356347746,13.473095247926617,16.70510653574229,8.38966095408427,14.203043713020504,10.282619980881345,15.65853874247196,13.3932670450848,17.182846555841497,16.30132968882465,17.274410627331243,15.997402208435174,11.177573763470964,15.506610487047617,8.511117346921395,17.68732681785011,14.10676877688615,18.86557967986957,7.182795887442915,13.111929606060407,17.405645950156003,13.740651708662249,17.197865489689722,14.612323440939218,12.065778698065628,17.596129050977645,11.72624395606081,16.867785580425473,14.296986664479496,19.58241907663793,13.60244308082423,17.654323836469263,14.317959778289618,23.50615654282459,14.31618605387692,23.56569613195628,20.54390146945553,13.483356430557622,14.46769046626564,14.29314585558277,18.80235457686161,12.949007713500755,12.588133531564518,14.815895451148767,15.63359126651638,11.527982477716934,17.1870323870201,17.601358447303816,18.19410442335592,18.324736063183614,12.25126617768287,13.56437750408126,11.198947058033822,16.69602402520673,13.202570675646395,11.57719243644354,13.822563520629174,15.320653738828833,15.23870478760874,15.431764432217328,18.06517045321776,10.02699363048055,11.473411051580676,12.50321571650746,18.37473052385722,15.774992085523724,14.248030142234134,11.218962138745754,12.85185504130205,14.250742559417713,16.841854378893796,9.039338740250072,,,,,,,5.1,0.0
,,,,,,,,,,,,,,,,,,,,,,,,,,,,,,4.801298579554222,3.3270806260483834,3.6645518677284974,6.5501471788797625,4.68932910980471,5.077989437468863,6.423514650261588,4.874891810946476,6.676952180977473,4.9381507050137206,5.442151583513435,4.467426073513312,3.7186183320299095,5.52240432664103,4.056561091266797,4.960060606564428,4.362336283053806,5.5227819444215225,5.015773227678062,7.0547664326384325,6.525733584127353,5.064602671945027,5.297941829598376,5.022691844668787,3.4150075288853494,4.598533764758423,6.229056836445126,4.160995373616651,5.373239508565302,5.213667094241624,5.349018342390287,5.002070879732394,5.308392876466199,3.774976910512231,5.434025030780876,5.385624644661999,5.049167728926519,6.889077043019625,5.361237597299824,4.994291356828921,6.265889795370681,4.527686372753793,4.363264105659863,5.317025384215185,5.106425975230354,6.175781347991347,5.60536248969264,3.610617296559215,5.17208161760974,4.665185698043269,6.100869125715709,3.61005622798579,2.9679461699102845,6.005992778744622,4.165022383670904,6.2591276543217,4.790758231944022,4.321035549281392,4.923317209951455,5.51202386528356,5.681651866793082,6.824328037762845,6.504776344344256,4.659378699808801,6.7751491866729125,4.956368563207832,5.3489086221754265,4.938144127032748,5.851859572600473,3.3258282952436,3.139006051511997,5.079417673741771,5.083788438649819,4.0475128747368325,4.9698945683152695,5.367849781398513,5.01055674492743,6.188612254473759,5.766219256314323,5.762431698955254,4.847922418495215,2.926325732355214,7.121568017063648,5.786773315156426,3.565381445908937,6.081175733412978,5.8104652317718,3.9599173190599375,6.873966110942487,2.791269711813592,5.09819146233034,3.992171813620664,6.148787888146403,5.508893099057964,5.506313815553739,3.921000229566369,9.144165745125347,5.429175360604144,4.748932796099133,4.938750363621174,2.941052744538475,3.774968739018664,6.144443142781519,4.444668603905198,4.949836845241505,4.910308778425238,3.626887474985183,4.469808863206873,4.105600784318024,7.169285607167098,4.131790305296196,5.701451297849255,3.837818175458497,4.974683394237877,5.740080781976566,5.615982401835913,6.464883903838502,4.528630504541463,4.950543078764856,2.6294375274884825,4.5589149800502575,6.098139120621116,5.072822774663225,7.2536891439818705,5.407637480157704,3.754739234844867,1.7127498019299647,5.188923395859295,3.900302014195215,4.64354119004199,4.168620177143101,6.06652378613331,3.3205705860523005,4.111599184819331,6.594531100736473,7.200590361456978,4.4684976637686304,4.293830726106095,6.121787211362827,3.6904520580380495,5.335525242672049,4.606924562203403,3.4320760702912825,5.249071670523518,4.789544977150431,4.81844006741121,3.4336016224075667,5.8416130330778095,4.880049877037468,4.197423985163212,3.4564381277935343,2.6759700411157588,4.82879847062152,5.121275682707172,3.740401135626168,3.9743018739775264,5.963502118423807,5.244405779819594,5.712150930895313,2.924061337011223,6.40848011511483,4.987235403053322,5.5377338179802615,3.738989393535301,4.154906109294471,4.668384965194864,4.799958019337705,4.737517482107391,4.463727941667623,5.55171932579017,5.381633280649503,3.5762764626253,5.567850443296635,5.061285224181878,5.280508165940574,5.269383359530938,6.472724885174809,5.003632495137338,6.953119331744174,5.800122622158806,5.714759223328628,6.46858905477715,4.0722236937622105,3.545412448407197,5.122864979878754,4.745725415571634,4.886586526094487,3.215070194957237,5.386763436770537,6.012445945358124,5.433125245498289,5.544248020920065,3.871201348615285,3.9777485196102265,5.008352692932818,4.076814980427953,5.104800879211664,4.867333157692557,5.710309796880878,3.899696896557359,5.141008640654615,3.1971624401641567,5.218400420792535,4.871191569203308,4.676592752875605,5.028431646286399,4.966097254523384,5.255253941341474,4.795028298311157,5.095811402481281,4.7029890292286485,4.41325835531201,4.027948315370702,3.127353747027636,6.8469248398012255,4.9523012857932684,4.302032500161478,3.907860228599216,5.662298739532049,4.220583492126152,2.5237982558827983,6.2734777512623126,4.162702310164153,3.380615586691418,5.427736454631551,5.778281797507441,3.814070044115792,5.134498714875244,4.551748406816317,4.7744565702969375,4.170469916765393,6.541913467594704,5.279287031682526,4.716813700693644,4.309157097237706,3.871928980320874,3.945420306788802,4.4614403835005465,4.111500612173352,4.208904849800973,4.65634735252302,4.82703527574583,4.339967738430184,3.916274289790993,5.2479513470718935,5.060249621543523,3.7919023272371657,3.7489542925244415,5.102766198151603,2.9306066881312653,5.779039974999921,6.889134057956229,3.982331493268552,4.076014039332927,6.467818193667191,4.081763093739752,4.688091818895543,6.097070012731775,5.403825348375879,4.318421414974854,4.043251053839238,7.150373938069421,4.108116492391908,5.152805604259859,5.488595253663394,4.9645038132653525,5.873054819075765,4.247000749657946,4.673859862014825,4.2597032588732,4.019959956801803,6.594573211560963,5.792165634134109,3.761661866135621,4.983997406433453,4.427851748570866,4.916045866104199,5.596649106960516,5.933853535160505,5.507732393734201,6.292521624963134,4.952399834298216,6.19984509256761,2.963798466962136,2.538502872911081,4.425073498894603,4.717740310132932,5.538661847807056,4.727838181732958,3.169847119503223,6.384502116153858,6.062341959696893,4.869681474481328,3.084398044753789,5.021892565473917,4.60540269602204,3.76838293212708,4.438940482499871,4.571816732843118,7.059776833313109,5.8145616816542525,5.275742898875234,4.30795100856418,6.190539994912552,5.681287535862855,4.214983569684428,6.105973283504088,5.730292334821526,5.692717509610762,5.932973292624343,5.539966993632914,5.894557395802083,3.574980824736229,3.5948499254361344,3.436154196495152,4.198892429535598,5.0220545388891615,6.089191918763204,4.886424453364212,5.76364362810904,4.322729832457876,5.278160430745592,5.127389529531605,4.604303442659133,3.45696957613373,5.590082238463062,5.2909293832063655,5.894892626645152,5.085889033011365,5.894271109571242,3.9215067504571066,4.366006342984752,7.099233921158239,4.517541211526813,5.060743156342804,3.8726427187691375,4.474977658564711,6.532982049118237,6.727591731259148,4.9509933213006585,6.508046275468678,6.170123061649334,5.614489371267033,5.000376255291871,5.86648910319378,4.024146683345288,6.031230462176985,5.168422540783876,4.68137184770802,4.317353385724459,4.646501524338742,4.798173872954946,5.373048839489086,5.092605867281086,4.326267144149341,5.451734715906662,5.323638935322421,4.209858124217125,5.656018157243574,5.363147760601814,3.795370814074745,3.9578497199399374,7.620425863426847,4.700936170743834,4.516683990502678,4.938555998501811,5.047161071507732,3.331650056097094,5.580375603114957,4.336886810303756,3.331432190574706,6.612671464752113,5.191478486995949,2.337224810757612,2.5478155354709644,5.415330174075886,4.4575875283139945,4.583702771186512,6.644618157462321,6.058239821462063,5.379523925189424,5.259965270324949,4.603118910513349,5.885735115766399,5.296577522703522,3.4312560135048926,4.247591228156931,6.319763173732291,6.025686327276269,4.69551919074016,7.0922823202822,4.111780290832137,4.926463652707111,3.618876379476609,5.042786072186908,3.398015369520271,4.294138627944719,6.083569006440782,5.265846104366744,5.7246230894374674,7.117190249816334,5.59468855476025,2.450598128906776,7.10594116049898,7.2700080769988755,4.685186767138773,3.748738924171111,5.115157295125233,4.214980612979102,4.911531609519137,5.803725560395085,4.320569753227629,5.220759494680502,4.313503388643109,3.0813346084508577,3.3876251936424606,5.278544815100773,5.813774798855688,5.148524661622689,4.8037106227820745,5.8122922536437125,6.004874894717478,4.704971335696898,5.186735501271102,4.2741110912382085,3.945194556244285,4.437074324978123,4.853608437818778,3.5005696542918816,4.747873999306892,5.8054365448060725,3.27633789808968,3.987099766739712,4.050677758530942,4.975143920272215,5.045704920383276,5.912068329732776,5.437335395819823,4.804319554750583,5.550252399737832,4.56799210338284,5.989706897778271,2.582315446752542,5.652478570144574,5.323685607344743,6.299023892783701,1.5542553095332368,4.736919111183518,4.80983868212398,5.290562758858908,5.2013840325858895,4.055282257133549,4.621752509758409,6.131441953842256,3.216179575738992,5.479367665937764,4.64874134145701,6.942411600347928,4.49574073346432,6.021764812208801,4.233963952038067,6.291416866409936,4.480069934185601,7.648952814125945,5.687816308783752,4.101467561972834,4.556159483713494,4.649532696614652,6.740341063194284,5.283601377357411,3.3432319925994696,5.907930540950396,4.786241635278657,4.059338329390254,5.174030346659376,5.101313623731376,5.420999812566564,6.707739670263651,3.9246334199744624,3.801677212540224,3.8738134254447454,5.53355311759532,5.082827474926381,4.044550189642127,4.590672081706339,4.938706163800313,5.058231458377975,6.19352965624333,5.830311316404871,3.4271974984145204,3.736494253580053,5.531610814009744,6.843138846900148,5.157525563359432,5.008440834574995,3.781186405877108,4.472604962997123,4.699942214273394,5.295034433912448,2.913563473117516,,,,,,,5.4,0.0
,,,,,,,,,,,,,,,,,,,,,,,,,,,,,,2.1557089928992887,1.619855064552291,1.5464742358006431,2.262952000548121,1.8266899359231052,2.0686443462898154,2.4705488117521366,1.7786779983074177,2.3840039039996,2.096654000469935,2.3250403248846143,1.8472293804658677,1.5939599400850664,2.3212075936724985,1.7904720632765116,1.9651891515333408,1.772756505469797,2.5926568838761246,1.8710971988935376,2.3611590177767936,2.757865682452674,1.8660041253325208,2.039309064274735,1.7730524436040231,1.5663932843447503,1.899438858576432,2.5635708879734724,1.719977620015981,2.235444956861945,2.1402951731542,2.271100287934614,2.133539373420499,2.52233861357111,1.2683420468602538,2.213727341176354,2.14474039137226,2.225949363606814,2.210669431173155,2.099214924115874,1.6549386899437553,2.216161660716878,1.6064448539029228,1.7310614345908837,2.2629470911062235,2.053186490574179,2.1558538580070423,2.0499252413749414,1.281358840435098,1.656871698543371,1.838491446007552,2.5399848740930384,1.2641850092884463,1.0554245700820772,2.333188018024911,1.513173216743259,2.507339005838092,1.9376731095523745,2.065113765532718,2.0304081996719106,2.132004469149512,2.004136970016317,2.728104015937288,2.428215269301882,1.9505930008967527,2.8998397727662004,2.0308730496653404,2.18923180338072,2.35999890407543,2.610792742087296,1.0884995505816333,1.5233757919052584,2.053032562279876,2.2161379900065423,1.4677541611857368,1.986322266939027,2.2642639584302167,2.0766046127365776,2.275149420733808,2.0894679384752544,2.2810811429580173,2.0045586580544894,1.221945618771355,2.975865891406412,2.432685916989484,1.5728659966345195,1.937881961874766,2.2538265990635056,1.7624411041315673,2.5183523536095453,1.3052410877564775,2.000077485906596,1.1946987108449911,2.182711762295011,2.160496713802834,2.1363864595864883,1.5636001556216774,3.317794591372508,1.688797129535745,2.138364436760757,2.101974732242613,1.2762288771005916,1.8947189600984604,2.695582434639163,1.8643538434371063,1.963494473523478,1.8348643485706304,1.284737133509879,2.014032722765754,1.3172985927371137,2.7481765672259897,1.4142121357757618,2.3770588330440097,1.914293377124348,2.0667719364135086,2.497543445881971,2.3446119357619715,2.686774861663774,1.892972165426424,2.041909646237433,1.3821700790502225,1.9360994464056824,2.35206064258391,2.298406770187234,2.96521344742356,2.091668490234392,1.89458664725978,0.8362207533493142,1.9365678139210163,1.6653388406939509,1.5818171411343258,1.479088106244244,2.2502169139565367,1.567051153330307,1.6181611595117578,2.9402689695305764,2.5768476202031647,2.1837748067982745,1.5987879661188993,2.5176693590711974,1.8138683983510555,2.317474627243477,2.1392859779638127,1.08665693509401,1.8427606389739843,1.9194073554512037,1.8663402786528092,1.4806163268621844,2.1499189406746564,1.7206762672696956,1.429849166292014,1.811617026934448,1.322612821558982,2.075246506930549,1.9610479192553276,1.4647111282418368,1.833398547133592,2.284714716591781,2.1160607850080986,2.5188026413170275,1.2315627207460502,2.6586592935046798,2.2204068053184507,2.070949790642496,1.925809618827244,1.802965234736596,1.8767987094510143,2.3994105126953422,1.572909797998402,2.0886950695039683,2.5717476068707263,2.4151423447166467,1.4830968510477271,2.1508908909797126,2.284851342978348,2.192175200032311,2.1509379219448106,2.7868760748173207,1.9510125872105788,2.4238749640625863,2.12764906408422,2.1482482863681907,2.4508047639328487,1.8163741443784365,1.6087033690367718,1.815974150429044,1.8016832353715568,2.2089065188784027,1.0700048549731305,2.0113818136291566,2.1826938367927258,1.8495260563435252,2.255329354442588,1.830712050207308,1.5525741698932405,2.201840820735665,1.3387393682954631,1.860591107899092,2.2482365853727915,2.017219266811657,1.3525832078394628,1.889015329093494,1.204018805249573,2.1761927872221585,1.8307334803777735,2.121498937121037,1.865392864978647,2.13831250056706,1.7610412723330102,1.970440288906374,2.263740109015409,2.042222734477038,1.6373852038843963,1.6919804671442222,1.69624386389741,2.404269607809999,2.089913497917669,2.0312990146605165,1.7739445900427049,2.2742893109062043,1.502342538590768,1.2195272912923945,2.358099385369396,1.9893203963021988,1.478321949798266,1.9670416129008523,2.061958220447116,1.3164220281018224,1.9988790831819008,1.8827547084902705,1.9677591317991032,1.95176805865448,2.5898080864284454,1.6391014093722054,1.6889423260746457,2.199295647564676,1.4253514468663016,1.965097202860106,1.6565571397948904,1.5290196788166617,1.7085371762409025,1.9261499546913177,2.213633690057854,1.7755091067881266,1.7247014484848406,1.9234033121152936,1.8519265799893707,1.1867918557829875,1.6395542626248163,2.1265620375703698,1.09440512025497,2.3420352522916983,3.0962700593681385,1.4973947145252084,1.7477025318792054,2.615792846249424,1.8233219385314217,1.953505587439464,2.4909488173322245,1.9411411107726864,1.7810799436108862,1.5611947889014155,2.8873927225487024,1.7228860196096656,1.763003766068964,2.5150513790140723,2.00171222143328,2.307278761805028,1.7638636983836773,1.665163719091313,1.557634237727604,1.2764569880548335,2.462439066471586,2.2034756055744564,1.7289693821971617,2.0548059155583696,2.0332521718163705,2.115434695465619,2.2567850726555734,2.2684963794428046,2.123069701360364,2.610435736863426,2.319392073863515,2.7283697534297104,1.3388199167725203,0.8291417814400952,1.5147816196455766,1.79869680397454,1.9710664505922817,1.994687400494295,0.8913060233879064,2.8868353158698974,2.133674231133308,1.904684873090679,1.0717161736081195,1.6957316832908234,1.3995204779168282,1.2273583190292103,2.0020476686227133,1.6680834473778627,2.8256599606809383,2.3328366983616053,2.125179740184454,1.797846847627495,2.2175285615114086,2.108506358049583,1.8367230163564228,2.4870974450224503,2.3278294278802347,2.1762155769070386,2.2461990623089987,1.9760606668593932,2.522884563165623,1.5255413520639851,1.7005203088686072,1.34812436337011,1.925993067245314,1.9321130855221171,2.42339880416043,2.0050745624842894,2.391958694092187,2.151540080138484,2.3332557303993022,1.972831539152897,2.205720424445118,1.283404127591728,1.853905620997223,2.146538076716835,2.052113898171532,1.9101052212413143,2.157351388769829,1.471453035280589,1.9090849261096607,2.439878893516613,2.0314723820061507,2.0463800735936077,1.8044470526157856,1.810102335065739,2.499440150541642,2.850871209477148,2.229425430471473,2.7295299392394696,2.7793863787449817,2.220701786821349,2.332733991881048,2.1095290645546263,1.376240371612838,2.391940523438247,1.96627956869005,1.912543444180972,1.5880885843715389,1.7845121941409674,1.857090423983772,1.883985303380938,2.201609240965118,1.4701403826025958,2.390978013548023,1.9244299792785309,1.878354336689934,2.5454350683592604,1.8280484139487267,1.2957259430668957,1.9574829198380144,2.984138464072952,2.0684684637164548,2.092639993512649,1.6447757654947417,2.0825013807048145,1.0892287940271896,2.1629534848657905,1.9869779205916056,1.211458473444016,3.0856967393065577,1.9753245070448435,1.1755658108942506,1.2804380029600495,2.1154805451561085,1.6779160587201225,1.9682689178497648,2.3036085234237977,1.9666298762937275,2.172308528397796,1.8117743546821767,1.6188526703353938,2.285455494793824,2.477598984803301,1.2660498484323757,1.781597825125827,2.5700452195706536,2.16705634922339,2.0290961913992183,2.510284290331793,1.9905883464025296,2.1554116591649626,1.5458655684589289,2.3969443821709637,1.7509069671004291,1.8270481141592816,2.408682203171109,1.7317957876120178,2.0541692674525973,2.8393250500431693,2.3006979264336755,1.1189113807420965,2.5889749392520303,2.912275774029649,2.0367272375205885,1.847842232139126,2.036258465160532,2.0918815013291736,1.9192430464334724,2.25177796282929,2.1360508481838134,1.9941404288953144,1.5737563549382354,1.602478434053104,1.5460854885550597,2.2451851338248194,2.449245497278456,2.002430710761648,1.9279620864135123,2.276804360103394,2.2955454751713567,1.844841633059568,1.9223545709321035,1.8015476517501257,1.5192521875977985,2.0320948568152826,1.8671259492147048,1.296933858186808,1.902095317229699,1.78048724257976,1.5414286739471388,1.641031746422155,1.657073789658149,1.9257874335008769,1.6080555837638508,2.323671214350668,2.6820104089004912,1.9460751871732345,2.6169417433490367,1.6922041028298305,2.430364590430791,1.3159856790781874,2.224385757317609,2.2806584555362788,2.173301036103554,0.491203437349671,1.987317470406477,1.9977673631728192,1.7003085018452049,1.732551135318412,1.411331785292426,1.7276798926515415,2.466797902828918,1.2074768880630302,1.907255753382748,1.98866665845032,2.4415254478340582,1.676686977675888,2.233624622472804,1.107931133609884,2.50916463411939,1.8753984774049808,2.7618146164529542,2.1969360501871864,1.7052304150569269,1.5929381783186818,1.8889350539383232,2.5731952068978883,2.1034693384938885,1.471091933534521,2.4585278874366527,1.9895394807028972,2.008328814774454,1.9371450623778248,1.916226299619706,2.193402697267804,2.6270767101321635,1.7664437566702595,1.5801652975079925,1.7184882183804102,2.290267826282673,2.256794753043389,1.6417645784997783,1.5770500812692854,2.0980702264486277,2.6515496448165536,2.319308221465062,2.216229667837523,1.3964747290466808,1.5311556601907756,1.8878073086852143,2.9568790019910622,2.130279411486831,1.824587515599481,1.464664298258985,1.94602347141595,2.132630783047564,1.9430948434423208,1.336838308022382,,,,,,,5.9,0.0
,,,,,,,,,,,,,,,,,,,,,,,,,,,,,,0.0,0.0,0.0,0.0,0.0,0.0,0.0,0.0,0.0,0.0,0.0,0.0,0.0,0.0,0.0,0.0,0.0,0.0,0.0,0.0,0.0,0.0,0.0,0.0,0.0,0.0,0.0,0.0,0.0,0.0,0.0,0.0,0.0,0.0,0.0,0.0,0.0,0.0,0.0,0.0,0.0,0.0,0.0,0.0,0.0,0.0,0.0,0.0,0.0,0.0,0.0,0.0,0.0,0.0,0.0,0.0,0.0,0.0,0.0,0.0,0.0,0.0,0.0,0.0,0.0,0.0,0.0,0.0,0.0,0.0,0.0,0.0,0.0,0.0,0.0,0.0,0.0,0.0,0.0,0.0,0.0,0.0,0.0,0.0,0.0,0.0,0.0,0.0,0.0,0.0,0.0,0.0,0.0,0.0,0.0,0.0,0.0,0.0,0.0,0.0,0.0,0.0,0.0,0.0,0.0,0.0,0.0,0.0,0.0,0.0,0.0,0.0,0.0,0.0,0.0,0.0,0.0,0.0,0.0,0.0,0.0,0.0,0.0,0.0,0.0,0.0,0.0,0.0,0.0,0.0,0.0,0.0,0.0,0.0,0.0,0.0,0.0,0.0,0.0,0.0,0.0,0.0,0.0,0.0,0.0,0.0,0.0,0.0,0.0,0.0,0.0,0.0,0.0,0.0,0.0,0.0,0.0,0.0,0.0,0.0,0.0,0.0,0.0,0.0,0.0,0.0,0.0,0.0,0.0,0.0,0.0,0.0,0.0,0.0,0.0,0.0,0.0,0.0,0.0,0.0,0.0,0.0,0.0,0.0,0.0,0.0,0.0,0.0,0.0,0.0,0.0,0.0,0.0,0.0,0.0,0.0,0.0,0.0,0.0,0.0,0.0,0.0,0.0,0.0,0.0,0.0,0.0,0.0,0.0,0.0,0.0,0.0,0.0,0.0,0.0,0.0,0.0,0.0,0.0,0.0,0.0,0.0,0.0,0.0,0.0,0.0,0.0,0.0,0.0,0.0,0.0,0.0,0.0,0.0,0.0,0.0,0.0,0.0,0.0,0.0,0.0,0.0,0.0,0.0,0.0,0.0,0.0,0.0,0.0,0.0,0.0,0.0,0.0,0.0,0.0,0.0,0.0,0.0,0.0,0.0,0.0,0.0,0.0,0.0,0.0,0.0,0.0,0.0,0.0,0.0,0.0,0.0,0.0,0.0,0.0,0.0,0.0,0.0,0.0,0.0,0.0,0.0,0.0,0.0,0.0,0.0,0.0,0.0,0.0,0.0,0.0,0.0,0.0,0.0,0.0,0.0,0.0,0.0,0.0,0.0,0.0,0.0,0.0,0.0,0.0,0.0,0.0,0.0,0.0,0.0,0.0,0.0,0.0,0.0,0.0,0.0,0.0,0.0,0.0,0.0,0.0,0.0,0.0,0.0,0.0,0.0,0.0,0.0,0.0,0.0,0.0,0.0,0.0,0.0,0.0,0.0,0.0,0.0,0.0,0.0,0.0,0.0,0.0,0.0,0.0,0.0,0.0,0.0,0.0,0.0,0.0,0.0,0.0,0.0,0.0,0.0,0.0,0.0,0.0,0.0,0.0,0.0,0.0,0.0,0.0,0.0,0.0,0.0,0.0,0.0,0.0,0.0,0.0,0.0,0.0,0.0,0.0,0.0,0.0,0.0,0.0,0.0,0.0,0.0,0.0,0.0,0.0,0.0,0.0,0.0,0.0,0.0,0.0,0.0,0.0,0.0,0.0,0.0,0.0,0.0,0.0,0.0,0.0,0.0,0.0,0.0,0.0,0.0,0.0,0.0,0.0,0.0,0.0,0.0,0.0,0.0,0.0,0.0,0.0,0.0,0.0,0.0,0.0,0.0,0.0,0.0,0.0,0.0,0.0,0.0,0.0,0.0,0.0,0.0,0.0,0.0,0.0,0.0,0.0,0.0,0.0,0.0,0.0,0.0,0.0,0.0,0.0,0.0,0.0,0.0,0.0,0.0,0.0,0.0,0.0,0.0,0.0,0.0,0.0,0.0,0.0,0.0,0.0,0.0,0.0,0.0,0.0,0.0,0.0,0.0,0.0,0.0,0.0,0.0,0.0,0.0,0.0,0.0,0.0,0.0,0.0,0.0,0.0,0.0,0.0,0.0,0.0,0.0,0.0,0.0,0.0,0.0,0.0,0.0,0.0,0.0,0.0,0.0,0.0,0.0,,,,,,,6.4,0.0
,,,,,,,,,,,,,,,,,,,,,,,,,,,,,,0.0,0.0,0.0,0.0,0.0,0.0,0.0,0.0,0.0,0.0,0.0,0.0,0.0,0.0,0.0,0.0,0.0,0.0,0.0,0.0,0.0,0.0,0.0,0.0,0.0,0.0,0.0,0.0,0.0,0.0,0.0,0.0,0.0,0.0,0.0,0.0,0.0,0.0,0.0,0.0,0.0,0.0,0.0,0.0,0.0,0.0,0.0,0.0,0.0,0.0,0.0,0.0,0.0,0.0,0.0,0.0,0.0,0.0,0.0,0.0,0.0,0.0,0.0,0.0,0.0,0.0,0.0,0.0,0.0,0.0,0.0,0.0,0.0,0.0,0.0,0.0,0.0,0.0,0.0,0.0,0.0,0.0,0.0,0.0,0.0,0.0,0.0,0.0,0.0,0.0,0.0,0.0,0.0,0.0,0.0,0.0,0.0,0.0,0.0,0.0,0.0,0.0,0.0,0.0,0.0,0.0,0.0,0.0,0.0,0.0,0.0,0.0,0.0,0.0,0.0,0.0,0.0,0.0,0.0,0.0,0.0,0.0,0.0,0.0,0.0,0.0,0.0,0.0,0.0,0.0,0.0,0.0,0.0,0.0,0.0,0.0,0.0,0.0,0.0,0.0,0.0,0.0,0.0,0.0,0.0,0.0,0.0,0.0,0.0,0.0,0.0,0.0,0.0,0.0,0.0,0.0,0.0,0.0,0.0,0.0,0.0,0.0,0.0,0.0,0.0,0.0,0.0,0.0,0.0,0.0,0.0,0.0,0.0,0.0,0.0,0.0,0.0,0.0,0.0,0.0,0.0,0.0,0.0,0.0,0.0,0.0,0.0,0.0,0.0,0.0,0.0,0.0,0.0,0.0,0.0,0.0,0.0,0.0,0.0,0.0,0.0,0.0,0.0,0.0,0.0,0.0,0.0,0.0,0.0,0.0,0.0,0.0,0.0,0.0,0.0,0.0,0.0,0.0,0.0,0.0,0.0,0.0,0.0,0.0,0.0,0.0,0.0,0.0,0.0,0.0,0.0,0.0,0.0,0.0,0.0,0.0,0.0,0.0,0.0,0.0,0.0,0.0,0.0,0.0,0.0,0.0,0.0,0.0,0.0,0.0,0.0,0.0,0.0,0.0,0.0,0.0,0.0,0.0,0.0,0.0,0.0,0.0,0.0,0.0,0.0,0.0,0.0,0.0,0.0,0.0,0.0,0.0,0.0,0.0,0.0,0.0,0.0,0.0,0.0,0.0,0.0,0.0,0.0,0.0,0.0,0.0,0.0,0.0,0.0,0.0,0.0,0.0,0.0,0.0,0.0,0.0,0.0,0.0,0.0,0.0,0.0,0.0,0.0,0.0,0.0,0.0,0.0,0.0,0.0,0.0,0.0,0.0,0.0,0.0,0.0,0.0,0.0,0.0,0.0,0.0,0.0,0.0,0.0,0.0,0.0,0.0,0.0,0.0,0.0,0.0,0.0,0.0,0.0,0.0,0.0,0.0,0.0,0.0,0.0,0.0,0.0,0.0,0.0,0.0,0.0,0.0,0.0,0.0,0.0,0.0,0.0,0.0,0.0,0.0,0.0,0.0,0.0,0.0,0.0,0.0,0.0,0.0,0.0,0.0,0.0,0.0,0.0,0.0,0.0,0.0,0.0,0.0,0.0,0.0,0.0,0.0,0.0,0.0,0.0,0.0,0.0,0.0,0.0,0.0,0.0,0.0,0.0,0.0,0.0,0.0,0.0,0.0,0.0,0.0,0.0,0.0,0.0,0.0,0.0,0.0,0.0,0.0,0.0,0.0,0.0,0.0,0.0,0.0,0.0,0.0,0.0,0.0,0.0,0.0,0.0,0.0,0.0,0.0,0.0,0.0,0.0,0.0,0.0,0.0,0.0,0.0,0.0,0.0,0.0,0.0,0.0,0.0,0.0,0.0,0.0,0.0,0.0,0.0,0.0,0.0,0.0,0.0,0.0,0.0,0.0,0.0,0.0,0.0,0.0,0.0,0.0,0.0,0.0,0.0,0.0,0.0,0.0,0.0,0.0,0.0,0.0,0.0,0.0,0.0,0.0,0.0,0.0,0.0,0.0,0.0,0.0,0.0,0.0,0.0,0.0,0.0,0.0,0.0,0.0,0.0,0.0,0.0,0.0,0.0,0.0,0.0,0.0,0.0,0.0,0.0,0.0,0.0,0.0,0.0,0.0,0.0,0.0,0.0,0.0,0.0,,,,,,,6.3,0.0
,,,,,,,,,,,,,,,,,,,,,,,,,,,,,,0.0,0.0,0.0,0.0,0.0,0.0,0.0,0.0,0.0,0.0,0.0,0.0,0.0,0.0,0.0,0.0,0.0,0.0,0.0,0.0,0.0,0.0,0.0,0.0,0.0,0.0,0.0,0.0,0.0,0.0,0.0,0.0,0.0,0.0,0.0,0.0,0.0,0.0,0.0,0.0,0.0,0.0,0.0,0.0,0.0,0.0,0.0,0.0,0.0,0.0,0.0,0.0,0.0,0.0,0.0,0.0,0.0,0.0,0.0,0.0,0.0,0.0,0.0,0.0,0.0,0.0,0.0,0.0,0.0,0.0,0.0,0.0,0.0,0.0,0.0,0.0,0.0,0.0,0.0,0.0,0.0,0.0,0.0,0.0,0.0,0.0,0.0,0.0,0.0,0.0,0.0,0.0,0.0,0.0,0.0,0.0,0.0,0.0,0.0,0.0,0.0,0.0,0.0,0.0,0.0,0.0,0.0,0.0,0.0,0.0,0.0,0.0,0.0,0.0,0.0,0.0,0.0,0.0,0.0,0.0,0.0,0.0,0.0,0.0,0.0,0.0,0.0,0.0,0.0,0.0,0.0,0.0,0.0,0.0,0.0,0.0,0.0,0.0,0.0,0.0,0.0,0.0,0.0,0.0,0.0,0.0,0.0,0.0,0.0,0.0,0.0,0.0,0.0,0.0,0.0,0.0,0.0,0.0,0.0,0.0,0.0,0.0,0.0,0.0,0.0,0.0,0.0,0.0,0.0,0.0,0.0,0.0,0.0,0.0,0.0,0.0,0.0,0.0,0.0,0.0,0.0,0.0,0.0,0.0,0.0,0.0,0.0,0.0,0.0,0.0,0.0,0.0,0.0,0.0,0.0,0.0,0.0,0.0,0.0,0.0,0.0,0.0,0.0,0.0,0.0,0.0,0.0,0.0,0.0,0.0,0.0,0.0,0.0,0.0,0.0,0.0,0.0,0.0,0.0,0.0,0.0,0.0,0.0,0.0,0.0,0.0,0.0,0.0,0.0,0.0,0.0,0.0,0.0,0.0,0.0,0.0,0.0,0.0,0.0,0.0,0.0,0.0,0.0,0.0,0.0,0.0,0.0,0.0,0.0,0.0,0.0,0.0,0.0,0.0,0.0,0.0,0.0,0.0,0.0,0.0,0.0,0.0,0.0,0.0,0.0,0.0,0.0,0.0,0.0,0.0,0.0,0.0,0.0,0.0,0.0,0.0,0.0,0.0,0.0,0.0,0.0,0.0,0.0,0.0,0.0,0.0,0.0,0.0,0.0,0.0,0.0,0.0,0.0,0.0,0.0,0.0,0.0,0.0,0.0,0.0,0.0,0.0,0.0,0.0,0.0,0.0,0.0,0.0,0.0,0.0,0.0,0.0,0.0,0.0,0.0,0.0,0.0,0.0,0.0,0.0,0.0,0.0,0.0,0.0,0.0,0.0,0.0,0.0,0.0,0.0,0.0,0.0,0.0,0.0,0.0,0.0,0.0,0.0,0.0,0.0,0.0,0.0,0.0,0.0,0.0,0.0,0.0,0.0,0.0,0.0,0.0,0.0,0.0,0.0,0.0,0.0,0.0,0.0,0.0,0.0,0.0,0.0,0.0,0.0,0.0,0.0,0.0,0.0,0.0,0.0,0.0,0.0,0.0,0.0,0.0,0.0,0.0,0.0,0.0,0.0,0.0,0.0,0.0,0.0,0.0,0.0,0.0,0.0,0.0,0.0,0.0,0.0,0.0,0.0,0.0,0.0,0.0,0.0,0.0,0.0,0.0,0.0,0.0,0.0,0.0,0.0,0.0,0.0,0.0,0.0,0.0,0.0,0.0,0.0,0.0,0.0,0.0,0.0,0.0,0.0,0.0,0.0,0.0,0.0,0.0,0.0,0.0,0.0,0.0,0.0,0.0,0.0,0.0,0.0,0.0,0.0,0.0,0.0,0.0,0.0,0.0,0.0,0.0,0.0,0.0,0.0,0.0,0.0,0.0,0.0,0.0,0.0,0.0,0.0,0.0,0.0,0.0,0.0,0.0,0.0,0.0,0.0,0.0,0.0,0.0,0.0,0.0,0.0,0.0,0.0,0.0,0.0,0.0,0.0,0.0,0.0,0.0,0.0,0.0,0.0,0.0,0.0,0.0,0.0,0.0,0.0,0.0,0.0,0.0,0.0,0.0,0.0,0.0,0.0,0.0,0.0,0.0,0.0,0.0,0.0,,,,,,,5.5,0.0
,,,,,,,,,,,,,,,,,,,,,,,,,,,,,,0.0,0.0,0.0,0.0,0.0,0.0,0.0,0.0,0.0,0.0,0.0,0.0,0.0,0.0,0.0,0.0,0.0,0.0,0.0,0.0,0.0,0.0,0.0,0.0,0.0,0.0,0.0,0.0,0.0,0.0,0.0,0.0,0.0,0.0,0.0,0.0,0.0,0.0,0.0,0.0,0.0,0.0,0.0,0.0,0.0,0.0,0.0,0.0,0.0,0.0,0.0,0.0,0.0,0.0,0.0,0.0,0.0,0.0,0.0,0.0,0.0,0.0,0.0,0.0,0.0,0.0,0.0,0.0,0.0,0.0,0.0,0.0,0.0,0.0,0.0,0.0,0.0,0.0,0.0,0.0,0.0,0.0,0.0,0.0,0.0,0.0,0.0,0.0,0.0,0.0,0.0,0.0,0.0,0.0,0.0,0.0,0.0,0.0,0.0,0.0,0.0,0.0,0.0,0.0,0.0,0.0,0.0,0.0,0.0,0.0,0.0,0.0,0.0,0.0,0.0,0.0,0.0,0.0,0.0,0.0,0.0,0.0,0.0,0.0,0.0,0.0,0.0,0.0,0.0,0.0,0.0,0.0,0.0,0.0,0.0,0.0,0.0,0.0,0.0,0.0,0.0,0.0,0.0,0.0,0.0,0.0,0.0,0.0,0.0,0.0,0.0,0.0,0.0,0.0,0.0,0.0,0.0,0.0,0.0,0.0,0.0,0.0,0.0,0.0,0.0,0.0,0.0,0.0,0.0,0.0,0.0,0.0,0.0,0.0,0.0,0.0,0.0,0.0,0.0,0.0,0.0,0.0,0.0,0.0,0.0,0.0,0.0,0.0,0.0,0.0,0.0,0.0,0.0,0.0,0.0,0.0,0.0,0.0,0.0,0.0,0.0,0.0,0.0,0.0,0.0,0.0,0.0,0.0,0.0,0.0,0.0,0.0,0.0,0.0,0.0,0.0,0.0,0.0,0.0,0.0,0.0,0.0,0.0,0.0,0.0,0.0,0.0,0.0,0.0,0.0,0.0,0.0,0.0,0.0,0.0,0.0,0.0,0.0,0.0,0.0,0.0,0.0,0.0,0.0,0.0,0.0,0.0,0.0,0.0,0.0,0.0,0.0,0.0,0.0,0.0,0.0,0.0,0.0,0.0,0.0,0.0,0.0,0.0,0.0,0.0,0.0,0.0,0.0,0.0,0.0,0.0,0.0,0.0,0.0,0.0,0.0,0.0,0.0,0.0,0.0,0.0,0.0,0.0,0.0,0.0,0.0,0.0,0.0,0.0,0.0,0.0,0.0,0.0,0.0,0.0,0.0,0.0,0.0,0.0,0.0,0.0,0.0,0.0,0.0,0.0,0.0,0.0,0.0,0.0,0.0,0.0,0.0,0.0,0.0,0.0,0.0,0.0,0.0,0.0,0.0,0.0,0.0,0.0,0.0,0.0,0.0,0.0,0.0,0.0,0.0,0.0,0.0,0.0,0.0,0.0,0.0,0.0,0.0,0.0,0.0,0.0,0.0,0.0,0.0,0.0,0.0,0.0,0.0,0.0,0.0,0.0,0.0,0.0,0.0,0.0,0.0,0.0,0.0,0.0,0.0,0.0,0.0,0.0,0.0,0.0,0.0,0.0,0.0,0.0,0.0,0.0,0.0,0.0,0.0,0.0,0.0,0.0,0.0,0.0,0.0,0.0,0.0,0.0,0.0,0.0,0.0,0.0,0.0,0.0,0.0,0.0,0.0,0.0,0.0,0.0,0.0,0.0,0.0,0.0,0.0,0.0,0.0,0.0,0.0,0.0,0.0,0.0,0.0,0.0,0.0,0.0,0.0,0.0,0.0,0.0,0.0,0.0,0.0,0.0,0.0,0.0,0.0,0.0,0.0,0.0,0.0,0.0,0.0,0.0,0.0,0.0,0.0,0.0,0.0,0.0,0.0,0.0,0.0,0.0,0.0,0.0,0.0,0.0,0.0,0.0,0.0,0.0,0.0,0.0,0.0,0.0,0.0,0.0,0.0,0.0,0.0,0.0,0.0,0.0,0.0,0.0,0.0,0.0,0.0,0.0,0.0,0.0,0.0,0.0,0.0,0.0,0.0,0.0,0.0,0.0,0.0,0.0,0.0,0.0,0.0,0.0,0.0,0.0,0.0,0.0,0.0,0.0,0.0,0.0,0.0,0.0,0.0,0.0,0.0,0.0,0.0,0.0,0.0,0.0,0.0,,,,,,,4.5,0.0
,,,,,,,,,,,,,,,,,,,,,,,,,,,,,,0.0,2.740842325131819,0.3493142054390379,0.0577041118711736,1.2632778237972817,0.0,1.2936148278337625,0.5468261362827499,0.2617876381773556,1.3401887191390878,1.2458218245937582,2.447567905631234,1.8039091615505631,0.5430794612505547,0.1901665905355452,1.277300847073822,0.4073123547832589,0.588267388888735,0.3592729903006227,0.9020390524969748,0.670662786796238,1.6785722101938203,1.3848109984053918,1.1747242998487444,1.2134627295722953,0.0,1.672893103757543,0.4627606170074986,1.4760488689569722,0.7612490797564198,1.643665066853209,0.8078888770940383,0.5782535610351518,0.6038115688394605,2.3913915701972783,1.444226822906561,1.0360048459766822,1.5447627982403125,1.1335787656681755,1.7819474897898069,2.566508310015098,1.2861754436301631,1.1389681900108293,0.0,1.6984212873763052,0.7281081431076438,1.1445587080200077,1.399058712830625,1.0584101137936788,1.106567116841898,2.766755606233404,1.5712924508512314,0.7890264455567644,1.245473404518293,1.1497735906005735,1.6741933050637363,0.1771895561131865,1.1267849272965456,1.7728589836209352,2.5941089908105863,0.4864779048045056,0.0,1.0665699965667683,0.0,1.389281055961462,1.0033033024670406,1.6182305607868726,1.8566992334439552,0.1381937447652244,2.2501852366069235,2.478825707120285,0.0,1.0348082501511109,2.265474543344414,0.128042657677841,1.5621231171370418,0.9978542124375078,1.4394298533913938,1.2290996015839104,1.0546438946040178,0.0881894933651256,0.6123484451453429,2.021674949078088,1.1833061706705157,0.0,0.5352567010812271,1.0513521507747918,0.0,2.838687939714263,0.4306400204763834,0.1487578114481413,1.3614701296875693,0.7752478123746883,1.3415772554316456,0.4455716897647932,0.8964777940875143,1.2765154641652146,2.0142524964601423,0.1218253247349936,2.407168883491358,0.0,0.004715623054799,0.3119508526339996,0.6885721041634073,0.0,1.4847900579370208,2.1542705487099845,1.6718675369310891,1.2625425003280908,0.0,0.7311339074117866,0.0071918604194294,2.798566309960634,2.006024963594156,0.0571538342895249,0.2209689180942252,1.712130345528003,0.6667199604449752,1.461701033968886,1.2268694557291877,1.0989489975781497,1.035943610249343,1.0992654086825808,0.0,1.3158493192856926,0.4730878104767277,0.0,0.5280236868242062,0.7055082728544482,0.2209467599178345,0.7012561369121781,0.684102854811526,0.3647804224539838,0.5037373558691014,0.0,2.922918303231632,1.000342230896587,1.9001417647790368,1.5847122893517436,0.0,0.4361254723174175,0.3390260258133015,0.3205789066506245,1.6024235761917311,1.606555226744455,0.025428162507058,2.6013523406167742,1.335465595456944,1.1088009699213093,0.4751446102900065,0.0,1.3153614245286671,0.5776059372357121,1.8234198503571368,1.8050909669650812,0.7612939747082034,2.6976773962506764,1.3835280787358593,1.2637043113833164,1.597541544023366,0.0,0.5318730534532204,1.0329637936865883,0.771649450240109,1.4207581241676814,0.752460949137753,0.0467858860870993,3.193945490458252,1.4742093110711856,0.8018349010140775,1.439076722081609,1.3691165050898406,3.414389557307377,1.599324940060415,0.6588041996208956,1.133902496611649,2.169921388386181,1.4100590061386886,0.980581074692366,0.2993431219150771,1.8642459126255813,1.7898919612538342,0.0985143715387273,0.4254705832023846,0.49551544444267,1.5721175751981042,1.029018783554048,0.0,0.0,0.9124258401112518,1.8687000723688816,0.9027644994449402,1.8600626173020856,1.3833430624799372,1.1643173387634316,0.9647094389968156,1.3106003123821297,0.695657576780887,1.0763982742890592,0.6866418728297388,1.5795403585767458,0.2279811135413706,1.2033445450504712,0.0620571027055676,1.8450295555396523,0.9106357598343215,0.8763266029587866,0.7262759382343938,0.0,0.0,1.1385064863597796,1.063620518031316,1.137927290677785,2.2454605153323417,0.8747117011178904,2.485390268995809,1.2766687983345175,0.0,0.7602278954588642,0.0,0.7723305587861853,1.5323651277998944,0.6671353134699889,0.209795405718753,0.0,0.9884039756348642,0.9549938019017326,0.9837147131866668,0.9606614677001144,0.5870016000641389,0.5129326253582467,1.458562264578304,1.568011435861423,0.5655284641765375,0.0,0.1355976170169192,0.0,2.3183794502370314,0.988633644921468,3.1298808169574497,1.4321955369992398,0.8901836656566426,1.1503424736538208,1.3400728078379756,0.8559784891230205,0.0,1.6439030049127863,1.510394899036398,1.7420874686993917,1.4384105852226714,0.0,2.316250101607305,0.50782164575005,1.013379001358601,1.5191139357006425,1.2839216910486295,1.5222083075924209,0.6150881596764985,0.0,1.6146334157719138,1.4496137743707718,1.786087654220364,0.0,2.2547224299523894,1.7849960343429077,2.7227650667401115,1.1463745793434768,1.0280213910191107,0.0588327941294065,1.2645739780849463,1.7474627047880196,0.9359398436949532,1.3050708462235965,0.0,1.5799954985782558,2.297798626321761,0.7971040194260969,1.0127490297990671,0.198750211222258,1.0024227851656085,0.4420475381911891,1.2392749806020908,0.6389935376661509,1.028876873161832,2.773613455984754,0.5113367311252918,1.7641365134765024,0.8689562029949355,1.005673710221079,0.0,1.026113529360697,0.8870698055414571,0.9095531957462096,0.6606959078354968,0.2534616254407243,1.0744960860897417,1.3707965728320777,0.9497802583655957,1.5927952686715623,0.965332487334819,2.824672440369188,0.6111817139632747,0.9048511516362387,2.075645588192624,0.4062101613956311,1.8466095388212251,1.2977488985721877,1.9151806090550856,1.3249414169348388,2.176314736161821,0.0,0.1139917507779935,1.1548923408622491,1.1661256632537322,0.4531002042611459,1.1564362933515515,1.2846924417742454,0.4720795390878249,1.2479853623416224,1.59522232406034,2.605843810225447,0.5845336467531095,2.657948427426109,0.4625156902898355,0.9083515463110784,1.3021649820393062,0.3924474330520192,1.6909682367021448,0.0,0.0,2.0695173666779216,0.0,0.5595634944528385,1.2352551073059508,0.9122190715045988,0.7771972490169222,2.1970813915542244,0.3500866248926916,0.548090359600672,0.4863090781275596,1.6014173965533458,1.3298307197807295,0.1475676341451257,0.0,0.4405292304845486,0.2288375743881314,2.9890439209660427,1.3564989047903044,0.7484792674242896,0.634362144804814,0.0,0.0299090848054308,1.6621522717727513,2.111210990568221,0.662835343261406,1.1374196561939856,0.1814769074567918,0.0,1.7615251110288586,1.9560457585976827,1.8861435415465084,1.3167978858687954,0.2293643662486237,0.4860143547166309,0.7642990493673936,1.980891594368652,0.6694824583893131,1.2900103735132205,0.0,1.035942786144935,0.6327227578671464,0.1512949959532777,1.9486785137215428,1.5663306303560252,1.429066255857101,1.7984656847543958,0.6252637754304217,0.4106550152162819,2.1454009540406105,1.037867029072392,0.3880235187610154,0.0,0.0044108143918188,2.784497504990169,0.0,0.0,0.6844369895958846,1.155722302320681,2.054714247173947,0.8895672883611091,1.2606803616966833,1.6568358581528186,1.0141726302023253,1.5041360592762505,0.8716191351883333,1.5315940709354112,0.0,0.1058580582616969,1.4464159465886164,0.0,1.0208196419560227,1.1991518667702292,0.0793536103747315,2.1077827193928163,0.1774324677846324,0.3354910263946109,0.171091255347656,0.0,1.8556029216640464,0.0,0.4868405629743858,1.547511800124579,0.4959706885705374,0.348264169524847,1.0352261380597103,1.0979672801581135,0.9120075745407566,0.0128943825661786,0.0,0.4300804470917906,1.5544937375981862,1.6611423387627635,0.0,0.5337027649388659,0.8953758652731331,0.2408031212030125,0.0,3.1073116581741385,2.6059120966321885,0.0,0.0,1.0193708311147187,1.355453506302616,0.0366420792501757,0.6777432302460542,1.588844508712989,1.8065116169723048,1.7770837982826997,1.165395405623994,0.6734518005626504,1.921819679837908,1.4903177491818145,1.1287282637594118,0.4813431356541321,2.645777904073181,1.718461673042352,1.5125160623948743,1.611041690203214,2.9970908288214817,0.0,0.5921284599756463,0.8823470981369886,0.1548809575000204,0.7856672432419951,1.6262538855790984,1.1073141774141098,0.9990199967841188,0.7626450926326162,1.0504732088350743,1.9324323655295543,1.5779853586243826,0.7572699985561736,1.096649683795481,1.6861612490897593,0.6316197074378818,1.44081683234164,3.30501503031008,0.5383296517984617,0.2623082671250291,1.7794200671275626,1.223795457872707,1.9137118131471924,0.4854311457337494,0.900897500448481,1.3492546839784474,0.8050391913769324,1.0350788979120116,0.7407478968380122,2.0243886516188057,0.5767403594479291,2.1553615526990586,1.267868996486323,0.838430473420147,2.264055931970167,0.1992143688019197,1.0280720070512426,0.9294152916187666,1.5816887448351142,0.1213777997618101,1.906782023459972,0.2704749922512954,0.4798779449279947,1.2372548637797982,0.6291052053344419,0.8063507552204947,1.5378223637245938,0.7621944196345827,1.8042316324253111,3.245014290224589,0.1200316388068082,,,,,,,4.8,0.0
,,,,,,,,,,,,,,,,,,,,,,,,,,,,,,0.4548636982062617,9.71187294894098,2.055141421619296,1.2785405949832054,4.542053148223596,0.0,5.028196769531623,2.945113549828304,2.391041426677921,4.652407805817388,5.233852711182729,8.702983449641383,6.7836135450905495,2.1975209599364245,1.4393381732781818,4.390826196438041,2.3081165977379863,2.8891013565028905,2.226394667096347,3.903506190672172,3.8206509268275024,5.882518886182819,5.561865246863091,4.568278144968592,4.166597177455561,1.057893263409282,5.242838305023799,1.9513090252707277,6.392489221996792,3.36475700261392,5.843729477731991,2.980464034125068,2.245732774147428,2.655765597539401,7.851706656763357,5.3774385759874335,4.196648035536192,6.810788531501779,4.754651657167996,6.134941863438893,9.40102018077479,4.890682350907875,4.508749096997044,0.0,6.593060616967269,3.57271866574685,4.565725302098625,5.034780304344471,4.1618399537746775,4.328061136511969,9.394308572614252,5.792825857624384,3.94291308081215,4.631040833067415,5.054662154830755,6.7223181580655895,0.483779788582066,4.789465174716287,6.962152132705764,9.374772772991658,2.864893111670745,0.0,4.409488497251732,0.6057382685042705,5.688383544038196,4.620621977250999,5.711413188704085,6.494100885502183,1.7930105031433188,7.942330421839916,9.00706587308338,0.0,3.454615859865303,7.374801069380128,1.5760439341989532,5.796594925679939,3.329413815243365,5.359892015064903,4.52617797938683,4.822714324766492,1.1141216795234867,2.324079568801081,7.195185299270578,4.605953311788628,0.0,3.201688849360942,3.8519181235686406,0.0342936523302523,9.322538323130276,1.7744178750844513,1.1674863737727987,5.248064746798901,4.490689425223119,4.713447271423802,1.8392211259020024,3.5878586131006465,4.402142971556416,7.486718970281624,1.6962483968290885,8.835949124165417,0.0,1.3377409350787866,2.280228426461386,3.154174799350413,0.6745238036744938,5.120556339755446,7.663804594281485,6.614210112617104,4.71479031051367,0.0,3.1117455704425963,0.5402188708746376,8.627566766458848,6.884608958567214,0.6188397550370137,1.440512040854351,7.00475133834533,3.077743581502029,6.293708353499111,5.120007154197798,4.1051785100281615,4.542932278396924,4.442226626249094,0.7131138875003113,4.8576713210506455,1.9565997234012575,0.062810352347995,2.506669188299403,3.1243356174436947,0.3571879440924204,3.460288652689193,3.5214966598496296,0.9883960523607094,2.812480430040222,0.0,10.037896086502936,3.475722899868953,6.6405628318622245,6.083414692260535,0.0,2.6315203057052834,1.3694771511071089,2.1282516250770445,6.004763600921569,5.250540073936288,0.994309377188451,9.565230184676569,5.687107974915008,4.582719757619597,2.1751305016593,0.0,5.580043924284885,3.4217336654576638,6.388619594126827,6.821095637040331,3.435480704585021,9.29272552709129,5.562327498668011,5.427513360939648,5.577203266064711,0.0,1.7082508790619215,3.931607710630863,2.7810514126690418,5.613333669366664,2.739608720717583,0.3012975038579268,10.960374944403592,6.242174404523537,3.6580211854175335,5.6708289042235,5.129580286574529,12.090200106402811,6.170084822773779,2.0693387146069164,3.6554815953073194,7.924785259858149,5.14751227833879,4.188668013726085,1.7517979942840325,6.2469349835103225,6.207569395049351,1.422959594121035,1.5878978150877163,2.164881468295671,5.690986980300112,4.115484125195391,0.0,0.2272908719037341,4.041606750768796,6.61597503259997,3.9083692550803977,6.746977970226547,5.207720128086933,4.722592126376374,4.563698289871252,5.376677876686227,2.8595892215757672,4.519043181052908,3.18386370548496,6.05113447107084,2.0311253240525207,4.19525471662971,1.3022026243872729,6.835267912704221,3.864582894415321,3.1849836053764333,2.946354520084625,0.0,0.371647916755276,4.487560164260268,5.062043073500999,4.918654981100646,8.348081839457736,4.09913320861306,8.310045938896664,4.899258305079028,0.2201751475828746,2.945927260075517,0.0,3.4640481452329746,6.065980636931567,3.015718171298766,1.142932260837446,0.0,4.502400928883378,3.616932806280146,4.017020133649214,4.438026751349437,2.9249214341164174,2.5077169245114304,5.160084284870171,5.507474311520072,2.523504716105034,0.0,1.2804805535033106,0.0046752260356193,8.800622191474044,4.262977563185139,11.427946921162953,5.867959220246373,4.279845755474046,4.476810095631801,5.271317503305996,3.150521795185636,0.1829875560659846,5.543439436465217,6.081974958147812,6.47439480994719,5.574256538741804,0.0,8.13663658346954,2.224961000646217,5.103961896425261,5.714418943713991,5.138738774658888,5.714528867206363,2.555637239715473,0.0,5.962306850250688,5.720786413702196,6.6983122875267735,0.9189562648970157,7.516167160435232,6.13019973390729,10.060743735175826,4.491241532327257,3.806508097803526,0.8546870586201445,4.872089719743338,7.684577836166204,3.8423435674524993,4.381814476483038,0.5475187084666939,5.498405962068507,8.43405906700833,3.6828687085736913,2.944173471076629,2.152341471821892,3.456400708854031,1.9565932443130276,4.608987130826231,3.580675780070095,4.182520738773149,9.602288139405829,2.944699706715037,6.414368461257874,2.9218416313599658,4.102875870595434,0.0,4.882934036113633,3.358895645632708,3.2816717892955047,3.210915659789326,1.7937260826542485,4.054183851667986,5.399928126564316,3.7370115772871406,6.212777736902896,4.30205489933923,9.798519487249266,3.5992144236447574,4.056756049273465,6.892162842410557,2.538365464740246,6.6068381327982255,5.082695326265672,6.596429355548947,4.43113931456174,7.54724295444875,0.3025489647160504,0.8794616371174602,5.061760267983056,4.402356868058825,2.253959366714242,4.552992100815346,4.52379449876016,2.1823644461502503,5.312732741431985,5.4900949463850255,10.072769375943352,2.1395599509352565,9.02472603578222,2.246376224178017,3.483261163608387,5.043238517176874,1.6404721788165828,6.099934486415199,0.5397584115415062,1.0638852047436345,7.1389917166761965,0.0,2.5254954327304877,4.7395233669692045,3.660307510467049,2.600894690965328,7.557393559193072,1.300698917092102,2.661578033669094,3.2953244792023786,5.55182651128232,5.1076088651615885,0.8831405372307808,0.0,2.4516752674838207,1.6258584788849175,10.407702494465765,4.649788014444152,3.765989227920096,2.2322613090991767,0.2963243607024242,0.9150329124992412,6.526903012348244,7.117173708177006,3.4492192505529693,4.125108033120031,1.473069733042207,0.0,5.934815616965114,7.131353671305698,6.214139895178714,5.154248444214876,1.9747442600852445,1.78377944287183,3.3874527833072885,7.394007574329226,3.075086390927426,5.103446814762605,0.0,4.169774134084854,2.4065287673764075,1.15579653436961,6.77881014525182,6.223114545555252,6.069053318029317,6.628216331666056,2.858310583538289,2.0331902174887717,8.446898820967256,3.780773644393772,1.8925289740140545,0.0,0.4014615725657102,9.560406763019127,0.0,0.0,2.6579862781092527,4.030834514704703,7.048260799525326,3.5154171973785453,5.494480708807069,5.868142889827407,3.763931386951762,5.370550071922106,3.911864151637253,5.367233575741057,0.0,1.3684273314387303,5.724513905115646,0.0,3.6585011706193233,4.06648019612013,1.1568851934211613,7.562943502150435,0.8656603794110009,2.021960698162324,0.9225097094909236,0.0,6.942071773292769,0.0,2.112232531356235,5.852444336681839,2.6133272181943883,2.043145147221537,3.0564425995575486,3.9163883451353256,3.876610568412744,0.6070122319667144,0.0,2.515034567470532,6.201661355585031,5.636321349663217,0.5307189163581962,2.307474741477926,3.611095242806951,1.2575332262647807,0.0,11.31173986322159,9.244208642164793,0.3124486242796425,0.5960663295760176,3.9049755023025914,4.983147212720598,0.9879997736026138,2.8134849147814283,5.8056891764482215,6.650385225892716,6.596296487733116,4.334180129841741,3.270068169291444,7.170410303336337,5.64011931757031,3.6605384138767554,2.165656081788231,8.300652380534073,6.480814629535135,5.58926324390088,5.721631677858117,10.288455642869067,0.0,2.6679497023316805,3.513607473097131,1.0836583377185964,2.8017138461907347,6.155193253386164,4.524296500430179,3.952626651650912,3.155539624995853,4.350839103094281,7.282392267492469,5.083135203832365,3.036308241853308,3.848031031527369,5.973735125386498,2.637154093361634,5.083451371925015,11.007303006738535,2.5484807042083704,2.225262457870385,6.459183103374103,4.740729727201231,7.412619848252705,2.4787325819995885,3.5981459374422293,4.919333179205707,3.9806134247858944,3.912744872225584,2.746278375555269,7.445654904645035,2.0134961580749926,7.317175297386356,4.9635397229191245,3.3992643681635872,7.761550057773144,0.9829692746966612,4.277496898300948,4.123416582537718,5.974737732225719,1.1813852237313398,6.834602511586644,1.5304132544202074,2.6543074292709594,4.913316077519767,2.6958406417178846,3.206806029060947,5.7646234089939,3.603250016988232,6.540138981670342,11.082794158949277,1.281972436169156,,,,,,,6.1,0.0
,,,,,,,,,,,,,,,,,,,,,,,,,,,,,,2.617741125829688,23.34045101917085,6.727400784876989,5.178406121939942,10.302864054230358,0.0,9.410979951066112,8.307359127720598,5.746851910992088,10.6208652645325,11.48478838010072,18.78623071332336,14.920863975511764,5.869597212877357,3.7951236658590015,10.49696457037312,7.1694226064015,8.073453166398744,6.541410295171996,10.824918843930128,10.238312358043515,15.357796492740308,13.377454402040891,11.704834047401656,9.059691936607408,5.437116836928009,9.705667306012153,7.464400171085719,14.93403359702378,10.784039023448788,13.434783312758013,7.94542549744289,9.73513105049075,4.481626887972014,18.89990613314812,12.021041438498749,11.052344294426453,14.81027202186144,12.43654429624698,13.997002811573978,21.96701671001069,12.162241527074372,10.224392066547884,0.0,14.117930437867404,9.606590400865016,10.749404213476808,11.133357667617638,9.832344856936755,9.737445292400908,23.011952540848995,13.685286183666536,11.408881349995324,12.01006690051674,12.78273394783131,15.664450040056565,2.490812100934534,11.307573210199347,17.220031229315136,21.52635536492991,5.879464441332345,0.0446482779715695,11.353627350066764,4.277878931102123,13.96591046363508,12.090862771252551,11.6698114404222,13.79087055744311,7.702736020407723,17.364887571402136,19.350264262107736,0.0,6.966468182611376,14.60680632205477,5.673891952948608,13.345181699970212,8.574167726974185,12.962253838557224,10.84184268178099,11.286210358311113,4.212394753509832,6.895184289445705,15.479745398911977,12.413186083320005,1.5423606557878855,8.452526894484937,10.76618849955991,1.1516371410572943,20.166521361227243,5.005710427175152,6.354550456904692,11.643049017064968,12.473552610717975,11.563803716577748,4.911757355671087,10.722508171343708,10.50008577951018,18.83340634048529,5.591421867454377,21.42561181482037,0.0,5.213055290216273,7.081636745048869,8.000299758063628,2.682484470735937,13.334008427963148,16.522064560191474,16.79415534551672,11.298397059124294,0.0,8.90293119764565,2.707500595728796,18.51288138697744,15.79797499499321,4.872326074624738,3.491549722468177,18.42587189720206,8.442442755513632,15.291138748847326,10.919568681025613,10.049437328444036,12.41297421038912,10.348526245588989,2.8818792115920013,11.907624323925436,6.176956036751268,2.376615925647285,6.789871363536088,8.664948759882762,1.92994402675712,9.787756425871038,9.300057085430268,4.482094307905634,8.127387675049308,0.0,23.114906351628232,8.07583257936477,14.50764813120024,13.681507411433628,0.5965424466057656,7.852449886830636,6.952996612832272,4.776049720831905,13.001104939477358,13.218078571039367,5.309573002844878,19.74706022149716,11.580612902287733,12.055397070602933,6.200859174224089,1.6525098138420535,14.939472157205774,9.073399425877511,14.354902235810652,15.093680748962695,8.218753119238427,19.142449815284024,11.71083405889508,12.886904638217874,12.038378871126207,0.0,2.6820220693896726,10.350891157330384,7.066660744760118,12.395029142884209,8.088103585301717,2.264674052235696,24.03806518436165,16.316845475269545,9.910115083603287,12.864096856480227,12.22300358687055,25.718106354979675,15.055460299313047,4.71600726761398,9.729882831753365,16.90772266257628,11.9166770453514,10.06814192702813,4.482451004674987,14.465687230261484,15.433729775326944,5.9600424064225095,6.259082785123962,8.476755938364262,12.09742678276057,10.531007951029196,0.0,3.6649181921633742,9.51342022714609,14.734135959813456,8.255111576418305,16.16222034114705,10.867586489302262,12.68900490016074,11.66909158500729,13.392717476001325,9.269512933702796,8.992939454225887,9.505416521449982,15.0983375849898,7.724638081011868,9.753207583985406,5.947216811427544,15.107459383493554,9.15130432875263,8.114810426823682,7.89733160231338,0.0,1.9478844113767213,12.09592305058852,10.930219441881512,10.036235104780406,20.17267610358607,8.418599793527541,17.851429346054275,10.117918346586356,4.164063090277259,5.901713661862535,0.0,7.875011486736733,13.977587178585448,7.82025790903363,6.283232485154012,0.0,9.926407481941377,7.864832272540361,11.72304116116711,11.77730476775003,8.024619932587788,7.887697236263604,11.904801273979494,12.214156800402922,6.7996281510884575,0.0,3.630915527827869,1.0018612686265516,18.71157286817257,10.689161053649732,23.642863446202085,13.823851699927534,10.110251346742912,9.103539409656774,13.874865489700188,7.125154075245288,1.8177953988618607,14.146838204610749,14.982936427544187,15.049869400421931,12.897685523529436,0.0,18.38477262942033,7.987892994286273,12.029322808770251,13.019020860369892,13.291633727307882,13.32373483215771,7.5740362139460915,0.0,12.819461086793122,12.89599621318468,15.21546479943324,2.4867192398958093,17.879352248045418,14.198706069434335,22.943973304609493,10.638831666295022,8.793197197911445,3.7415070087267255,13.451337555145578,18.125750333212096,11.127365391792871,10.260354776084316,2.5478183594228634,10.773067055407836,21.3597970739916,8.557485671821293,8.610220893873448,7.033783158790984,8.658380647601232,4.610199280547493,9.474691260518124,9.836514072469557,11.324820293098316,23.011927840387205,9.733335667541674,14.133904374668765,6.10798905643756,11.52451570237298,1.960601416066744,10.814103776935156,6.803062396353164,8.005013215351987,7.334875801868835,7.157095821031918,9.662259020362816,10.614492143780396,11.044042684600752,13.328427557374694,10.75756564148869,20.37415964094924,7.95601945173159,12.41872205473639,15.806465903573375,6.776709252975932,14.627446756138797,12.239361217522028,14.695966314407617,9.20189759097183,16.311843405827414,3.5954610630056303,4.331402449348259,12.468676182276615,10.401234913883492,8.031498811710625,9.97048645703016,11.892999115956906,6.960675208427649,12.7353631475411,11.298241075840274,23.00281064462737,5.483945613897169,20.684764684693526,4.755334061906464,9.7429025698423,12.60048873062695,4.77683921823865,14.874323438777552,1.6964968928408253,3.908162913640735,15.278338381012876,0.5520208843244523,7.4953963532782115,10.881366441903308,8.359740806461627,7.93352570635948,17.0946390627852,3.4247092907674146,8.303007107208963,9.774434723173384,10.822546915502008,12.49452262533973,3.701583931296669,0.0,4.843449749408966,5.663727932231701,23.28936825437632,11.94585220177288,8.078167256160807,5.778866849748718,2.820939188283917,2.638715701836846,15.43601020637824,16.127918814754157,10.501938508218007,11.293060579090808,5.36991509163429,1.232534490231677,13.67759988040054,16.083670380144255,14.8326562390991,13.027521414344994,6.403006834977071,4.101634000159033,9.427232154536496,17.28535331600431,7.59266704827205,11.552290674566985,0.0,11.827957002006425,7.296390529967299,5.876317607003275,16.005488734430227,14.95660610067634,15.001134987294996,14.652237997921327,8.153398312192973,4.539579498464351,19.614142930151797,8.56283205353818,5.934972673296207,0.0,2.382056192971783,19.22551244261981,0.0,2.6191956993730714,5.872109973567507,10.785309901678596,15.98091962064158,9.330263805036862,13.359816914641272,14.073014208051916,9.649614320039984,14.143046921759137,10.709448988446422,12.63317912359248,0.0,3.137092521808371,13.40322759181619,0.0,9.177128103039715,10.371342240760551,4.227836005536131,16.682307407158795,5.135961285036266,6.862287312851699,4.764566034035837,0.9569543113353608,16.664979095592383,0.0,5.906263298939538,14.063241862036504,7.970561216942408,8.033893235983196,7.889516630145831,10.687921097685564,9.693513269669785,3.3073897401906094,0.0,8.895507159219934,14.758875709483757,12.43671290170025,4.229216968775715,6.774859387259182,8.208606452027517,3.2910016595000533,2.8890913468459454,25.900512474509934,21.832419388427084,2.67593333769958,3.8835932089995264,8.338987843320925,14.132718354591953,3.2677890135005883,6.71366963168323,12.45009704329597,15.597579899230492,12.761262970295927,9.405427112244332,8.770233553846516,17.218888905163205,13.419843490634443,9.9866204710734,7.295354814581325,16.851982102858265,13.996509749140698,13.941687611457574,14.299381766087198,22.77213454461528,0.0,5.819596200359005,9.038313322094076,2.811998389621544,8.461315668162534,13.370697214317952,11.007042210827771,9.766766186450166,7.818215841214643,11.383519975342129,14.969859853554684,11.198926161921769,6.786295332135169,11.6350899929854,12.542340942135706,6.386059228018223,13.879233047447116,24.943924589480773,7.023403811502622,6.729257089233589,14.687232230149734,11.032936368524703,16.41873145934325,5.81189389075978,10.948313129141123,11.759597825341924,10.482963537103462,10.827491635570423,8.654153473858964,16.427826325719682,4.22437411576031,17.04381306676305,12.393603004121092,8.100753704336359,16.956111613914256,2.9795526215447774,9.285083772892822,10.237124417891897,13.552524704154028,4.09429281068615,14.843972493986977,7.427254201435033,9.287883471599272,9.325967184761137,6.0036228623453205,9.41849683647877,13.53139823688704,10.088315531751288,15.791725126922024,24.76248164493842,4.749457343504053,,,,,,,6.3,0.0
,,,,,,,,,,,,,,,,,,,,,,,,,,,,,,6.801842147389548,34.75609599128488,14.270105357361292,10.594656326279049,15.360880049009022,0.0,17.858858934689568,14.548976907132229,14.840178670051849,19.460032593467204,19.31403207055445,33.1755129352477,24.44638715318989,11.945258453827051,6.168158668024633,17.193527421065507,12.635858330118303,14.306035444225865,12.136080768915452,20.628750675109007,16.594910470889456,24.446267222041868,21.70779326113518,21.346644471557752,18.25207495106799,8.99520885901439,15.808150494300918,16.0648326969537,23.02007069930527,19.112988401918127,23.82476661182537,16.364174513848987,19.46869325791968,10.100391494001382,36.043574679645424,20.75093038249603,20.65757975910988,27.07820942567694,19.52090293499809,21.30967763540037,34.83581748669741,22.87608962451881,18.2832447028941,0.4298077968922638,24.39695082543179,17.908303032691258,20.2984319329917,17.81964266155977,19.616321610527816,19.188579481873244,38.358569795715496,20.81017825677639,20.9522723189195,21.428871548860077,27.26611633214891,26.4641882074965,6.981834604775459,20.702753054090305,26.334569246754835,35.302881927223424,11.281627759274793,1.7340072234659043,18.83939708158282,10.727475291350665,24.384688174743165,16.687695786663973,20.187763042383565,25.80936322214492,18.53158606063444,28.100109251811595,33.34840878214535,0.4843474741694209,12.560138705659224,21.693332472921337,12.34874363400803,22.345760996799527,17.46331418502309,22.66987050387721,20.143684327058622,21.214540921541627,10.504448430566129,13.27413800750744,22.93886973528775,23.469357150683845,9.610407078674756,14.754887492266676,20.619310360009088,6.433111200681532,33.39306099116745,10.88792295888756,15.290173889598254,20.638229269464095,23.641388018008392,24.562244085884632,11.627993920584228,16.011301839622508,19.22122631947868,30.801316207363,12.108767286934071,34.11221563969576,0.0,9.540960624903004,13.022820918409243,16.619803399549873,8.198046814886794,22.42754964649489,28.887411949068653,26.804311897107397,23.061906697474317,0.0,18.790019325826048,4.590274227873323,30.645824135981453,28.2057827054876,11.877719493956656,8.833583665691354,32.866845759830014,13.649001100907226,24.795547291212028,17.03533925947193,17.391893951499917,21.678680265737302,17.502551702950157,6.0263504351292365,20.543137790698136,14.909535030652942,6.654265160212457,15.93648392564608,13.446160619132357,5.421228098408683,16.32919800014406,16.19090140555493,8.372906472848486,14.263508547455888,0.0,38.734672571345854,16.132693641307803,25.004673280397164,20.728161269066955,4.48530043687748,15.63789113353364,14.142352961744477,8.49436059678425,21.95841966951652,25.24524399611786,10.193914053173849,30.38303079096865,17.204022809674807,23.44648208427536,14.288059668817306,2.992615535393005,25.772405860095745,18.49110243811449,24.665742276747263,25.439978929876485,14.345497757380024,30.64526397659416,22.209628944375176,24.21889736268681,19.368500171414105,1.728629949357002,8.158310371201036,17.352819116879175,13.88892136403061,19.15222060690456,14.92943541183285,4.7827865014513975,39.34692124479894,27.371615474253904,22.04662249323404,26.322298279048532,19.34506334549011,38.37360131675739,26.113235626096813,9.305092849673663,17.690314989867172,28.45799652189496,21.15057337016569,19.68891124803905,11.061819559170043,22.165799896132675,25.790096382278115,9.927891836452776,9.122042351928618,19.941493124870885,20.77153727168081,18.77805287616004,1.5719209159641347,9.409828008541275,17.446529528014928,23.668806727751072,12.480460800111851,27.861751660186417,17.98051614027846,21.07653122290202,20.239346053279768,25.8097502663896,18.830545608622465,14.278999032214976,22.79202594681448,25.11347416976327,13.819788036835224,18.09364361557585,11.152868361828492,29.99122973741595,18.88009485721021,17.40208348177921,16.964658626607058,0.0,4.651626758893235,20.20462671100301,22.428981337928175,18.83562343215881,32.18102199789219,17.06469047674992,25.327683247411763,17.83857227232726,11.993523943219984,9.11992920626853,0.0,11.587839393015804,22.260568845007032,14.819108689107107,16.377906488380297,4.173582243307326,16.975908249556163,17.581197206524102,22.339399950624053,20.82523210878365,14.73741304474448,15.515699441721436,19.28156121245346,19.418788204762905,16.57857085619083,0.0,12.33429017844422,2.826044384138233,29.78075829867356,19.46287997629019,37.947374293062055,25.679262922931457,19.99569462261484,17.020092066582272,23.97523613082068,13.12511750220127,6.609711724327437,27.43090827302295,23.508743583169544,25.2235673332696,18.342367094374403,0.2390894175186384,30.50977764938309,14.62977297296422,18.47354261182789,21.679909999634976,24.663228785566865,22.359543151154615,12.94312911888512,0.9971858374501132,22.474977702995638,22.91777708543548,25.682603017863883,7.182040723762932,26.81511784361272,22.997594440834547,38.39787325498024,15.29676791523727,15.661096171451824,7.536871347999112,25.416347704254427,29.61533771958689,18.981179328733667,16.198452475106112,6.932355058022663,18.939051836934546,32.079661042188825,17.56693582076388,17.001057383162898,14.36107963713906,15.579355408749684,9.96671103035168,16.862751598949405,19.248376706332863,20.69534530996895,36.20449492573309,15.306994619089611,25.17586044571535,7.736536396818011,20.833630872406488,3.8190335598271865,20.60336155590204,12.29692017554191,15.447285212395846,13.445790664739892,15.9866672026374,17.908020361507514,22.55737534738953,20.17975347642485,23.76655877188221,16.48311884744337,30.201570494557973,11.505397367255831,22.37136452800253,28.41398702493728,13.091787700883804,23.94627407261799,21.381628433638237,23.40495823305672,17.61584427584691,27.086087442181384,6.610910266833811,10.234625309190294,21.05856176253608,15.1928455660199,15.36093198706032,18.764372045726564,19.43480076698437,15.824174668348425,19.674557722723844,21.34124440800832,38.22012897192567,10.600639626672006,34.24955496999148,9.369801741343611,18.9635006041219,19.366701917861203,10.751974157728668,23.171525000480617,3.566301033276994,10.198289675122252,29.540501802497214,0.6382329808135665,14.717415736855685,18.527835803927527,16.604546489660525,18.12935618020737,27.688731321555352,11.421749213928733,15.769817635621912,20.401955787676386,17.256570534522133,23.639097165172416,8.574895849912389,3.055933171255968,11.552643791122476,10.838005731846446,34.08397326540162,22.02019155442936,16.90978531458101,13.394395958180326,7.1768986650773865,6.707648558430394,26.611111214219285,26.460756140203795,19.941282258264224,20.57852997725348,14.624639720340348,4.911448331966595,25.40149147247274,28.39292635085357,27.000545950381515,26.14419610148355,11.819972628420194,8.797583796185947,18.23220686776408,25.0712811733403,16.554146331435433,19.7233197230521,0.0,21.30417301355141,13.978595096941635,13.118604518122993,25.35492583058399,23.317892656661183,25.22641748949989,20.286490258866955,15.684573830513346,11.897448022605364,31.56127379033567,15.471989751092067,14.195305061705444,0.8844337286469919,8.416501304291298,28.49856588044039,1.839181389785803,9.644361452058236,11.97988365380017,20.280670667355825,24.592395301857064,19.73696289992788,22.018045826610717,24.485359583851626,15.8290979851487,27.049420687846457,16.60833999383374,22.380588547899958,3.156718635966305,7.281377617979936,23.486359207915783,3.876475788652261,13.321476675982233,19.54095275693359,9.341716122136775,26.61818911074897,11.790773004051063,14.504833546442478,11.522264400543536,5.217700914600037,26.40444520784762,0.0,10.722252386341948,24.163652345088288,12.705084060721465,19.08872875896509,15.249247239314265,17.829711835661776,17.1069889421369,8.741255443636202,0.9956930319242738,18.15483689029367,23.108902453533094,23.414173779353643,5.808868011132008,13.024642395094416,17.61728227988101,10.563286235429066,6.932666245282003,40.77635692689084,35.84904644839023,8.393825292971542,9.670212655357604,14.711290533920948,25.765789719129028,8.015017341894218,12.905082125818312,19.064956572211063,25.938087859069977,18.98285168719563,16.39861743448956,18.929414910477963,30.26661485768537,22.42009077109877,15.990379948226716,14.846122025160737,27.383887848953226,25.637755932981875,25.922331112077984,20.558420450087095,31.86147123079213,3.2826597985868404,7.674421661327045,14.512496877697428,6.634982246282558,17.571490149997366,22.8696443160942,17.421805954414506,16.937989706928757,15.499902124391417,21.172966996855877,25.14918600531819,19.0817978565542,14.526260643690506,23.48259195507597,21.32788117513253,12.783648566386905,22.33979072941204,38.81676613043203,15.837383507850346,13.79199356009602,26.496704672986866,18.619243107986744,28.03233118540268,10.981775626165543,18.639245727800827,21.658043416787304,16.374123391681735,20.856671766286507,16.044685251529902,27.497756788022432,9.58387337296678,27.064056980041507,21.497874976624104,14.38681044295099,28.621185417321843,10.678011652079311,15.455866042308008,17.260912964271895,22.07523540433499,7.760900621023151,24.865853023293656,16.658023067536842,17.536342473590384,14.327905840641382,12.176711702816132,19.751891057324045,22.38263084250318,18.1725198265441,26.65405477001989,37.741849899737474,7.475548373691989,,,,,,,6.0,0.0
,,,,,,,,,,,,,,,,,,,,,,,,,,,,,,13.541018130943518,40.320004054489246,22.559675736257944,19.130888432023703,22.431548172148325,5.101253721878099,21.332785114589104,19.04372545323749,22.051610941284235,28.940209597185635,28.09924919911409,44.60990865858368,36.69718066197071,20.562654964749832,9.826622577919371,19.90291269064134,21.82946169047358,19.038343637295235,20.739282099690254,32.70460391625129,25.415300514793703,29.01349490174696,27.79603283627611,29.92354401941388,21.611128121987107,11.502829208549064,20.92130265323592,24.440974042729007,26.30952375872837,24.33785523035665,34.06009092947793,21.723479818871315,27.691744201932096,17.329457081067186,46.17141254702221,28.710578121891416,25.775218297792097,37.24646406578127,27.3271854533775,30.830162461013217,43.28147126731684,32.16620133040268,25.546877878007617,5.6803984479788125,35.27443079500144,21.28873552852048,27.24843689735082,24.652822400226366,26.75188461876813,24.522022442718296,49.71864299434044,26.691984526763186,29.43276537409787,32.22092264130973,38.98425259752097,31.30544792875243,16.021858950303784,29.561319272945468,32.37491440435057,46.67100113739114,11.609728872491562,7.11172745826403,24.03391087473372,23.621542633587683,28.93982478974339,17.989763630547998,25.55774101109268,35.91046751469111,21.0329236176571,31.54301447362168,39.876055547960966,3.851944312006697,19.248599188400632,29.49618930544876,19.132838821317403,24.47187787983145,21.638465698198047,30.62532517479336,28.035649068222323,28.39647095074818,14.603070769381969,19.218452794177637,30.288768341410133,30.428422548881198,12.768052112320056,15.764238039575018,34.808761309184284,9.23060048350778,43.086899433840514,19.47791859815382,21.994449236208865,30.570318781874374,35.24032738899051,35.35257016778511,23.018718579873536,19.05863737499442,30.99422203983965,37.944660044703845,19.711525073910742,46.355144246792165,2.092732698459085,16.5368422728341,15.088160649008248,24.723625677592437,14.358016028728532,30.82081335743352,39.34021024281091,30.53398166679944,29.208138654791245,1.7117411738866497,23.74812219362515,13.46834693669715,42.73075496157124,37.075492438741634,20.52149220313347,18.22193250949365,46.4699461730644,18.319744358015477,32.39376307917156,20.358379396379576,21.297066176352796,29.89294695028555,21.79387443937308,13.100984243953947,27.71724989620823,23.1142274940477,13.02156624807052,23.887855121396655,20.400768811639026,7.392929293260744,26.359269807862784,20.00658869515562,12.244861317238778,17.287045620932176,2.129789855743505,50.034416667049854,26.2457250343656,32.0342409282797,31.492721681165197,12.346892055835552,24.154757755374423,21.41118776018557,15.417024376528977,26.22637530436681,34.989164149642605,17.7457150113809,33.72032916461608,29.409005046847952,33.63155222572799,20.80468462318905,8.04193606325618,37.276687665994544,29.06183622145233,30.38925192006676,37.28685324232386,16.864588191043683,38.4164750821322,32.65806513707021,38.22989483372162,29.669397127050026,5.881489803742043,13.598992692896015,23.163425711155742,17.935579246277598,29.8214798795656,16.228816188805016,7.976399587561975,48.70003646987239,39.38073777151981,29.875373635278784,40.11934329459551,23.698974112571,39.26745968869495,36.20169877818697,17.818500437271577,24.82138344706154,40.088986583089095,26.96348445405985,29.51893151340591,20.09082324436801,29.20687775316133,35.74874355360757,9.14280801647122,16.30372359605387,30.65689352503967,28.367641855070723,29.235068775824224,9.52495176138962,15.752971789896383,21.86997697935219,32.23092944603399,20.431547213453666,37.2360600171711,30.255486465505488,30.51677977785108,25.723619484366544,33.98669175216193,26.446958828288835,24.76974650301589,30.093407647777205,33.54706454622844,20.26897325256464,28.015031258304013,15.634991440074602,43.65214901580762,24.017053778228696,23.27742282772305,24.944492488863123,1.5269260426398037,8.308858934705905,24.24828272874096,28.02163023922172,22.687518531556154,41.08181319120093,24.967362441253822,34.13860611055837,27.826594003345274,17.349006140603265,11.46403611254993,0.0,18.07920609889762,29.802157242859256,16.45345616634429,27.61260950444797,14.006438595676872,20.35581520911158,25.48189001772781,31.327744791578287,27.35694369300657,20.86515691440808,20.622343334148383,29.00732932085768,23.84188176269721,21.59963100746996,6.506517737682374,19.058933512987824,8.489344154826743,40.57468835689574,25.930433101317192,48.00333960931152,30.689624800993947,28.91418614008564,23.544685506489778,30.694544468503334,17.57010322059181,15.013042303937368,37.97409305949081,34.403531254878885,34.6052123142132,18.207439349971256,1.006083309839939,39.47861188990594,25.08753243463744,24.206288598319496,27.057503495594183,30.388956281223905,28.56434217662477,21.27083746703771,5.130389671955915,30.77864012772416,27.9877000403742,33.59615217663357,12.92358738526363,32.57753727327058,29.30719881290057,45.69024129189259,17.20638425869465,28.397042389248195,13.67905665832548,31.475475021792924,37.96223558739288,26.04424158951512,19.343973831485386,10.944386722887966,27.47531075547308,38.26118514384309,23.841915558102585,19.827160557813546,18.81303717658478,21.91892196656244,15.488592476284502,23.074555613552857,30.7240454967351,28.28514311018201,45.11260415076184,22.76861800156641,32.84944421635729,11.0336764598205,27.189729900587643,9.170105698986402,26.751996735001104,16.080310695375193,19.61604506237059,18.66875321419664,26.019812883506333,23.288482466741403,31.396671445155636,28.957943363653577,30.00120871852078,25.421468113599843,38.7192967703886,12.900298690226336,34.504114748427654,38.19985746591236,15.15175750046816,28.362939852646168,23.324894584404102,26.205359796999105,22.547494880125004,37.22919428518707,13.177730987446632,17.331278724908522,26.97704502336261,24.48965219690063,19.74393261237949,29.0212567759083,30.641483040089994,18.25512949883303,23.52565661750573,32.62662803788816,50.86141026387542,17.93233578068408,42.83799071410149,18.05828464028955,25.38927933206907,28.66551776213723,17.938040165640267,26.73482420623764,12.478637044961255,20.58368755442212,37.22646068274031,3.5062279641439518,23.36049761645114,24.556074636827795,23.56809999176387,22.315413658611263,38.46714978675392,18.50344142927606,22.494683385181037,28.12007792914013,16.95716845995754,34.0668779986433,13.626516975320458,3.9048179312740015,19.183006896192037,19.570874754422444,40.56500708702021,30.148977943339144,23.15720985322717,20.713238802667057,11.590530346457918,18.931124610516388,33.882912092328574,36.597237234136976,20.6101183123642,27.11146726839675,18.993705282476952,9.603988244210782,31.395710097248795,41.234983484363255,34.33781070698657,29.24932250575281,15.456854766093024,16.925600739261583,23.7933046697998,28.736530030876285,23.97302651916669,25.189819413838222,3.3608040437609343,31.98751637372578,17.25421161044674,14.260694030685569,30.334256462171403,29.11236373236766,37.72284960783632,27.41816052967976,22.0662874398954,21.998757266984544,40.09348050149237,17.68085912446771,19.32891988992739,6.012870934216263,10.566581382089138,39.49663015716275,4.235230310094318,12.92548080704188,21.83178419094871,28.047375717058525,31.85330512302118,27.46389871034455,28.96001575669192,31.705160342944605,26.00853242411976,41.37620021646179,20.85518956118072,27.002679602644847,8.841599151583276,14.350356626715987,30.961830101293327,13.643713292458074,17.30965454558668,32.60048540712941,15.645581827806645,35.295100592918395,19.71499787799636,21.535861202748038,21.09321136747438,9.816848796791325,33.178987731130256,0.0,17.432284152811405,31.30462179128187,14.819523254165654,32.22936126825082,24.72991432424354,24.280519591336457,23.44570996810653,13.582614586468225,7.473925190613414,24.96024136548961,26.72724245795923,32.29505360832558,10.918053167262126,20.49140342077985,25.036656164045347,19.81729639384329,10.611627196641493,48.25556706256931,47.680623025078006,13.569323856630415,16.50558302306316,22.13476912954758,33.79830921312672,12.61674875617922,17.113792030954293,28.521909095576103,33.12143800349111,26.269263430092355,23.36073382894856,25.15525644942525,40.948083553125215,26.75976856977592,21.675201173238072,21.495025554764734,36.57367882717386,32.98808344543946,38.43945105704345,28.13352687891947,39.9140054427672,10.673064458792553,9.776687088910856,24.869464821128943,8.961889100777887,24.42204315989253,31.74087784706008,25.64447407188265,24.913514695856627,25.30238446927057,30.23846804834808,30.625019750660137,26.90987684199822,21.10681682783974,33.15477616950131,35.67865264370001,23.16558334329133,27.2565557193126,48.71681749166979,21.95513571348261,18.935581729737734,36.09692653732292,25.794710296638318,37.31435158288455,11.538153008597348,25.79806257929709,33.11328589227081,22.22600995963888,25.448972983884254,23.301217497451766,38.91589872267856,19.03355016633253,38.12715670199476,25.785667313900344,23.60458809471413,37.94409799833336,18.702166293368364,22.158503055346863,21.653797169962647,29.961832228271074,10.659733585157223,32.76880882822839,24.699876010157578,29.298096708907263,18.757830107629943,16.98706058540162,28.865393249386457,29.13820858041293,22.805704361702755,32.22471384843059,41.676335295226,10.724593788352369,,,,,,,5.6,0.0
,,,,,,,,,,,,,,,,,,,,,,,,,,,,,,14.356537651307349,44.60026159208917,26.11935030508469,22.624922530853087,26.346955373171596,6.74548278111651,27.477944589936207,18.465256820043702,24.786485370268608,31.74185061044135,25.716280759061277,44.46813806563904,42.16135647359883,23.539237210159417,14.243808748096413,19.300092497732955,20.085439502072138,20.525222764275245,27.74254832740137,34.47459409053576,28.7365452180526,30.44339768743866,25.31629198607916,33.03623159677139,23.643297596789697,12.137011058154458,22.52651771944525,28.48686982362451,26.01901402949695,25.1396970602814,33.89906526316777,29.658245166399112,30.703859496194685,21.93471917947217,42.09603430438536,29.330774722553716,28.841941030075667,40.34795355808728,23.67688428143185,30.793404302518745,40.3845072236052,31.70667466922023,27.79712747819939,8.777395943093316,39.33177321402415,28.77490548871265,34.371098216708,30.06771861440966,22.444168685605703,24.57656379287344,45.60999597492735,32.72515278613539,31.92501704353379,33.08944645267157,37.92528860416982,31.889983294624223,24.36158510834605,34.641125205427194,27.606799740273857,48.550612741599856,14.348783175345345,9.07821282415938,23.914761194420745,27.80845126193741,30.461210898641006,20.545170154352647,24.94160146848896,36.33618162037242,21.211148790303053,30.903030097636243,38.96685347674606,12.304875331600012,23.74447644941749,30.452334121044817,24.80443420812103,26.08339242727328,23.57115847528146,32.22914690523094,29.897937346937667,27.734157767031675,17.37549232235257,25.176568045949143,34.389997777305666,35.300553210101,12.566360863040504,22.54608304973653,35.131241820062854,11.40728415019139,41.104913087203535,21.21802146576728,25.37700045613786,32.07882615250148,39.27984764273502,32.82565833344604,16.942508046225605,25.49311115042032,35.22153539175321,38.36855294092044,20.020091180390555,42.11601044826894,9.74436737614467,20.85107720300548,13.569311431896535,29.71860185983792,26.47591341124238,32.640895168032,41.31165803853624,31.346842030530134,29.21748237611157,10.116749282591112,23.55989050310497,19.723499209646352,42.661939410944285,38.83816402809711,19.77634297328255,19.46465220573963,49.05852904865687,18.553156109465053,25.73163435789625,23.373650603186004,21.528218393912223,30.71356113143484,20.861667335930644,15.13662178694072,24.978432501404964,28.006954185245164,18.839595547983357,26.84512221125341,22.972210825163387,8.634358196518832,28.42758059821789,21.51001828512072,17.144069698949345,19.313277778718916,8.205632700775373,52.27868167738861,30.535991767746136,32.983915648756,27.24111819145047,14.957278988679915,27.95161299071249,31.50599551752613,18.296580225386304,25.740305836532063,39.07876306197396,20.98887000498644,34.361003250203915,35.24890300853779,32.313185605010574,23.903456333916385,13.155048244335088,37.688604965210565,29.52923167703351,26.762014142638208,35.66558559507557,22.11456466857744,40.43533879496042,34.32062999535858,39.114476302871616,32.48429789962977,12.000419732004362,18.33926835579784,24.78218065659643,20.90875597982836,32.9941596768587,15.179722246047916,11.60743701488311,44.97672949422767,41.75190350002944,29.32135265177452,33.711707331240454,27.709731060942417,37.192303952860776,40.10530114959458,22.62640345555641,31.91608914586021,43.92602945679779,28.13110924493184,29.893035678757048,27.69694449217516,33.72116364471019,35.04724092960767,12.060244173592135,18.7232122482394,31.70662532851328,25.625152721914763,33.211904385396046,14.842134868907786,18.565493728502563,24.32005591665033,33.935585041397324,23.925754628260385,40.83074459368859,36.507750625415966,30.6064453359528,29.463870353885625,33.73377579131713,27.606862010299352,26.271660057191045,28.28671824741921,37.30842103908678,28.97014135127832,28.64276654903256,18.570747854072017,42.367048379657234,29.52425497173265,24.367066548010705,28.12401266835837,3.1065107699835326,10.118863409558552,25.87134610240206,26.17256796271909,27.53603148531125,37.35659350225191,31.056849768675946,35.000752155337075,28.010658693140435,15.644182622135723,14.408679954386225,3.2849871306372576,22.03876036167546,24.616017065063332,15.356909662516154,25.76047616243766,16.167560534672607,19.658749836858544,24.81719031916276,33.81676028274136,27.201953721882184,22.17364786339993,21.547968236176207,32.62676324098236,25.69982203760487,23.470222071970475,14.720503668405469,21.38378107621124,16.738608173539397,38.93136919306359,24.280818616172997,49.58489641139924,31.307468686767745,28.922823615495552,25.27917086525973,30.276141125328493,20.020097410331747,20.38352869038236,34.94639909778424,40.38727191003565,36.35562915406179,20.78368606267888,7.115645848989511,44.35832182017881,28.354726304640906,23.762851262975268,27.323590339624,33.6478684125148,31.682718994918844,30.24204360287649,9.235596998225365,31.507861013518056,26.56546623147088,35.81748390572902,17.745421369536547,32.34320531111306,25.955778067843784,45.03322077217876,20.88043292769293,33.012679239957826,14.87303033933012,32.488808188020535,39.37037473200709,22.64208583727359,24.53729384842033,16.60947197877624,26.635204076388572,39.0499655454218,23.793811466927515,20.275045574908454,25.1698552964787,22.344472033187323,19.063544483806755,23.018876703724438,37.21644817770341,31.5638669131779,46.54885039686433,21.69323864318489,30.535122399694167,9.63776045145082,28.457573947245084,10.982782134309478,26.488739347560188,18.824507261530883,18.511423450332977,20.21566920813723,28.22575271379802,24.878230993143006,29.79658612111087,24.801625722530492,35.42037003580108,26.90178863558616,41.77889119887395,11.769260552769552,36.87613148777939,38.52101072924282,17.0440560273927,33.87514816114551,26.334328527290456,27.094686245956723,22.483515518628447,38.20540732304931,19.41645559397689,20.388928824530907,27.44687014988034,29.409143119600746,23.82687034441297,32.067475067465814,32.26195088914452,18.293153447810017,35.51822266329933,32.582962904513074,50.14225411529828,24.22198348977472,42.36195525494922,23.573004868439032,25.66398082698452,31.27449307942222,24.89182735359764,26.931550208834118,13.706851373748806,25.029356354372407,35.314162624413306,8.939300695910392,32.169779743880056,23.80260031653873,24.766232264425103,22.537885471624787,42.61237231363636,20.92042538749884,28.063062351508933,32.34118594737817,19.12912109177714,39.050120403023925,19.20662743729001,9.683919220260536,23.53363450968622,26.812878467335757,39.99314633732328,30.16927026346729,26.463819169785825,28.4338580132374,18.062199912747705,23.12809770618445,38.37766402143471,39.397902979812784,18.13430050324808,30.58616827637304,25.759673922727064,12.580716564370162,37.02531151350532,43.97530546022937,33.118211090972615,30.463752903147267,15.035981162248325,20.40256998276842,26.93175217783661,25.934080735686106,28.58590935753265,30.338194717873968,13.015820512409409,32.60875916068271,18.00768216942527,18.72778425725491,32.226546190068134,33.229624644424334,41.70685825317281,27.260842550704808,24.404037495090968,28.319142152571843,41.44245765392119,22.929693170460418,22.001606065912583,7.194609051754339,13.716543628562558,40.75743789370853,9.185260676436071,13.8264121569723,27.938499691359738,26.40592275882496,30.23935461960393,29.115043135736947,32.21462783477798,32.883668992265115,29.608646111395466,40.12543687222968,22.267596416572506,32.91439019918975,13.963498475948272,17.925599779627866,34.04007278336455,20.93373878506936,14.01055041307504,30.990968572864816,22.77188730237984,37.58151388496077,24.65457847235938,24.48600023997229,31.502182553824447,14.274031947288668,34.864587479044616,1.9187607558383557,23.510892055797974,31.83298408820736,18.69201298208603,31.85490907036838,24.88233390207748,25.183124873674863,27.645232500022352,13.35617813185521,13.681111191670308,27.13291380688643,22.79430084477097,35.240609021387634,12.958488481249091,25.51219517883331,26.619806298407813,19.714731767217597,15.607046197457016,46.33150046621571,49.50022234335991,20.511987383896383,17.99925272309423,25.240840823403648,32.2848868912732,16.582052211919102,16.79008169215538,28.1028988376497,30.70303541395201,28.289146544731864,27.707915297880856,29.539436865824776,43.885305916842086,34.089052570147764,23.829162972478088,23.36477831418017,38.01925220666885,32.55042842397346,41.17516903174328,32.131872849460656,35.53197290816613,16.181383558503033,12.264148045989332,29.478577961870197,17.15114953569844,24.208461958018937,33.15468005186329,27.79113773135111,32.95420345745585,24.710968679441603,33.50136165676453,34.04339515154202,25.82067520900744,30.82133965458332,34.19787739243952,37.73562403180704,28.070274511087863,23.484627958808787,47.71666148696545,20.48070980595884,24.64827952237168,35.82689971458629,22.4759228699676,35.93975487126771,17.712526412386463,29.757284191536552,37.44793964074542,26.369276425749337,30.771325972948443,26.95986537802688,41.351850541457786,21.650636438697333,38.84572717912165,29.076466370030136,24.78139793363967,39.43521041117073,22.273392507123543,24.254163538772872,31.010701567758996,31.28119434405339,11.154411479842535,25.954187742449324,26.471586997657543,33.05506931354149,21.848848254199957,24.404840324711348,29.391175856852332,27.874716351090058,27.935838309479152,32.41312863217682,41.291789241748845,12.100338441130871,,,,,,,4.0,0.0
,,,,,,,,,,,,,,,,,,,,,,,,,,,,,,18.70722616580042,47.60343502329325,29.31439617871318,24.39156728030089,30.83172701833439,10.603107947550766,29.793932563992524,28.26840845410813,23.8911042710306,34.16925000578759,27.198185960005787,43.61106993160397,39.94425682965651,25.67527153764037,21.559872159501083,20.092023158868024,23.940780565745776,25.006620696591455,28.533470677613355,40.35386017643572,31.7039200825355,34.49554202051844,25.50978794594332,36.911290733274924,34.92820693941557,20.42756236092873,27.823394552177326,24.90711357817332,31.992953777513986,29.73859257269497,37.037345481296775,31.107270970726383,32.6195564087074,25.93068290330731,39.0125739865484,35.04795328104418,30.620067109313386,42.01856230301993,21.94383094663089,31.146871054303293,39.764874397724654,36.04993353512393,35.972530485317904,14.519787364287945,40.3109249045611,30.614435306331067,39.14941962485794,32.05834722773164,23.41412819351109,29.07471842755045,48.97986862419652,40.05707660695137,30.145357832530426,32.3594518043923,34.99217046621285,38.58461948346275,31.99243490384267,36.72824260262749,26.79543328699693,52.39053794048229,16.882572877475276,12.287374892964204,27.76834854654831,35.569723134022,29.08120178599285,26.469175226245103,21.99925544864514,40.16860102038133,26.29447390989701,33.225928948786176,39.80046268771896,20.308195003239653,30.77622392567433,31.042977012256515,30.922144548206997,27.547719150007797,27.60778046845587,37.49956180704928,32.8196514342516,28.68653431977608,24.80790668180133,24.72344848232456,34.85243754779642,31.698856979235327,16.65713767733269,26.873637257222104,36.64955938242696,12.672719526742334,42.81124487281976,27.2323125180962,28.88725284570201,31.186971171707075,36.8108252687528,35.201791791207924,16.347167997339398,29.02374724496534,36.79571980218233,44.16492790210341,21.86797406524355,42.47857158469227,11.868008532046511,26.483562503426924,18.73164179919005,30.94287856815829,26.52696684660692,36.69740576862645,42.71637248172128,38.013674987409686,38.48740632898307,17.865817611904557,28.24271104166727,25.81742020045648,40.38178022456992,41.52353665256457,25.35984629662707,15.955099858162177,51.57109825390636,25.18085973658802,25.4722827027857,31.3586580659001,28.78158855086009,29.3104970189406,26.19596950943861,19.59804550005981,29.19929576903964,37.71491378860639,20.0005092617316,30.681578572253724,26.1664187865728,16.085491959017478,37.77509907899033,26.427183131036777,19.779394776481464,20.013540234719745,14.515286284677002,53.30319167438886,39.94882375656158,35.401714166463364,33.254882515484326,25.015083080938403,30.19836465375365,31.53930266258935,23.852666594494128,28.415801122618685,39.08453235283417,25.60357973987332,38.995260596264046,38.59164070443668,33.63892745504784,29.29618410170651,15.00527383716214,40.5870115125302,35.08451330365221,25.901306260051488,40.15475729766128,25.39898943517406,42.52461823830591,37.28997986903155,41.306668761008574,31.55205094750724,13.574476892441664,21.14680054006715,30.8616942660444,24.990750947245296,37.05426653501279,17.550914018559666,16.44630810882182,44.59828650070577,47.25531308838729,28.14985046398369,37.4962145846065,25.73613960504604,41.824794625999495,40.04472890271119,29.32411438839725,34.35802100370049,45.682472486715575,33.80084543798276,31.73139358576463,34.19437149296237,35.07657192016825,39.14642350518204,19.161836725755084,28.0429198265195,34.29319988843227,22.061582631616552,34.36203911425334,19.849376998166893,20.427982116935077,26.428869771288547,39.55227584390949,28.389429402577186,42.88562008971587,36.49526401240787,31.733845993358194,34.7712553943809,33.27558280225824,32.74328394540323,34.88079190620097,31.904282047867653,38.959926467082376,35.69257116223624,33.44929733487215,21.0099134661356,46.34938684166848,36.36004108110129,30.693689878591304,28.29975449071351,8.52770147058334,14.880357532119744,27.903652195073622,26.7343292219825,32.71724710198041,40.35562837825836,31.15407725980017,34.539088391736264,26.638680980436742,24.44427896580453,21.74853184764148,8.608559949836023,24.37575031695114,31.36759145630765,24.164906592521383,25.78269053722565,17.566341188356304,27.34608285132633,23.20050845644292,34.4995382000185,30.70443497253963,26.63274274645829,25.82838581162731,33.64123195376127,32.94037590665107,25.319675990068955,22.31897908788612,22.375316292050496,25.841053567240472,41.1332348070529,36.05364904179047,49.01323293740971,33.661581086198765,25.04889207278349,30.43798215678796,33.37863740255371,27.91391254749514,29.09995407659408,38.40500536102303,41.795386487323455,34.70482824222425,26.75768377686016,14.502361091330078,48.61122154361452,30.85864352026542,24.09468432144477,25.115850985900824,34.797152755026474,32.140502360457376,31.78439547804303,14.946244289447607,36.968605439928325,27.846025834586374,37.297014077645,23.32976044503052,40.03523842786053,28.60146816177916,47.407081351258014,25.98116138565056,32.75015895367101,20.216984515025302,34.7502098219686,42.18137816180335,23.697014484901334,29.98858127754896,22.79976001121225,27.5465000477361,41.8119344428888,27.08814362634743,29.45679248797387,35.68427104079424,27.039340614042324,23.065112803018422,24.87924785581156,45.68113746028455,33.26586902410302,45.3167677942491,26.45903523312037,33.45648464134096,20.07296264119181,29.357168328505857,13.117443786041946,29.095392155612643,25.446865385762617,26.45286167169376,23.32138168278401,25.10576080828428,23.865110053821013,35.51834811864274,22.557046863359364,36.672183652772574,32.91220671970226,46.20803272778928,18.10606108900083,37.72908435785016,39.08518935592895,24.845847165950744,35.9183328128237,22.30485129306412,32.09429700485136,28.01722169423842,44.98992164417622,28.902382134492637,27.163613484874787,33.85040939096221,28.31656220594659,32.796543864252854,33.73422952828353,30.796605341054107,23.745184747362178,42.507427926284805,34.20113649690279,46.24104912146741,25.089026445549937,48.76982277473433,29.537842513844065,24.7503031116077,37.02947907707166,32.79528814926371,31.4140814906067,11.700926796420273,28.094046311039108,37.272360308915886,16.506477063773307,36.80924976487886,28.212307763024697,32.81912155978829,23.68048682643994,39.52031652668397,23.88041186515985,30.12950465583777,37.80696449024948,19.2308293626332,39.272215303810974,27.57706704734273,15.571832940560949,21.977122578522525,31.27971668498878,43.43232760096356,31.98205589581263,33.4513590107444,29.053036521809958,26.337615293820765,22.832837852911,41.57914787820416,37.005930504077575,24.91791106221587,32.246318159386895,25.87113408872313,17.346836000576086,39.75859166180796,42.24657167535214,33.69284583410592,36.34646743485193,16.161547349178605,24.524206154637987,31.678567935001503,30.795729954218903,26.61720996648322,31.643748090118816,22.15251947805922,33.687009554793576,22.731347429262453,25.30269017822952,28.80201099882774,39.97110115151845,40.555458461908806,26.032876014445986,26.69875352426755,32.776092251635475,45.82486089948047,26.37488499167283,25.85163212958403,10.788782591100889,19.16329325333608,42.66540865026947,12.975271501423054,18.93116896853592,27.484064696590558,24.068390718376754,34.188862097884005,34.2963867081329,35.32850489018285,39.77605779901931,33.69483540216625,38.883063865759176,24.558442382157644,40.45634955706748,16.657296882078704,24.266811569013395,33.791311313664345,24.13305835142948,16.64247882842816,29.19594766734185,31.54201563504192,37.443897697547854,30.052539810413524,26.73355760725409,37.528569626091965,23.56371340675109,36.46394415093511,6.558054230218486,27.33871972533417,40.91107164020147,24.153494023075137,31.813593065451222,28.94751660592332,34.5920286076374,35.454632779472334,13.834843701838842,18.47446235392436,32.310863604719785,27.6806936093622,41.0353729836651,18.681340446626383,30.662058412929436,30.874372833907383,23.287633396025672,23.481846796068247,50.01968108232562,54.07812540960175,21.697089702411212,27.322148972457967,26.80635256555398,40.43918814882017,18.684321880112005,25.093718995445577,31.56763024248525,32.892773665002686,28.449046572144105,31.9655782603422,33.23089810986479,47.82449154485284,35.683804853870654,27.50961362289671,29.456445220476123,44.50725635187039,34.330595406691856,45.9860278331392,35.53840127705431,35.1975449160642,20.67785163615492,16.11069143496238,29.734511000517745,27.32706960612725,27.79512481454215,37.07906225070167,29.698594197546548,41.557694810594256,22.370349511274625,33.0180628196427,39.40692339901236,28.884170540395097,38.53687241745446,41.35534138820921,40.66141771930084,32.61058217856896,28.19294625942693,42.746648700974255,21.57884458614952,25.489003743326165,35.33347250100414,23.965312327662645,36.1857915196884,20.99679650085118,32.37434089764796,38.529262280903765,31.80654704011105,32.11780053827853,32.15478152703026,45.79169301444493,22.31127695747108,41.99815445034033,31.212884922673723,29.2787201012502,39.40469239627221,28.33711581606722,26.76258583674437,38.81433867209722,34.13610940201069,14.965862915373291,30.354200435242223,27.31695164843701,34.855870622643145,24.9057044944063,22.70779118265615,30.26544428623532,28.041130358794454,30.87475148801223,36.33338997840885,45.27388859927967,18.362438410565268,,,,,,,3.7,0.0
,,,,,,,,,,,,,,,,,,,,,,,,,,,,,,21.019545686670615,43.27137982146483,30.169703443416363,21.54010444454129,32.512658200085355,14.555778438401108,25.526788409149617,29.13890937628792,19.13842425768367,29.36641495231462,28.4203227921265,41.8928443424941,39.96772865186652,23.452441896864556,19.1430000026434,24.03005107127895,26.40896075796693,22.288399313578708,24.17319978174962,39.70327514604561,36.94929908006962,31.62622924354584,29.341096761877687,29.746150272636736,38.89702461134968,25.60426622432372,31.196550071196597,30.62898421768161,36.29780628231045,28.2137543745209,41.98361915232204,29.1904348619955,32.164178490452095,27.27365200961561,35.27170459746035,32.28506740577588,31.898949559465027,40.1851878893753,22.57764334651745,29.931568029732265,34.41263284210366,35.129034441236755,39.163638291344085,17.65567989120592,37.96913756134322,28.26638755001732,39.27143252892231,27.030980173256783,24.392412601527063,32.55728513225734,50.61076042815628,42.41102050192308,38.19747565342148,31.44437219816932,26.992453705907828,40.52443563775508,27.14400707983939,37.43205365706009,28.84213542410683,48.5459267248612,20.18723438671632,14.473288516043793,32.19917275671944,32.873507330733034,24.818340812982694,27.861636959042087,23.0994826154081,37.97061553782968,28.844656577958,36.94592439641501,39.367973809669714,28.816587448704944,32.416219970223814,32.61719034112118,28.45996937962414,32.58434983509072,31.33112504113502,32.51691860387047,30.043058789127983,23.011078658732664,28.95422923852924,26.240653908539823,37.58474404362424,27.92125737942452,25.78610405421925,28.96878856545197,38.981821660037006,16.618922577897035,38.17830924916713,32.5094300854118,22.992758070749275,29.9258145820809,35.66177688313206,32.31794252580082,22.09363062289596,32.65714633060391,29.36749769875091,42.92387004160726,21.717621598855526,36.836693781378415,16.936139625238617,29.59253774378837,20.546350966643804,32.22360952176174,29.35583890499516,33.21462644626103,38.85503454413077,33.85469655425332,40.24273067631784,22.029425324462466,27.959026901382853,29.660719798680866,35.5052180817362,41.33151569739388,29.277949984587043,20.00625061198736,43.54126908422262,26.338148771216908,31.60454002969504,30.915429256567823,27.44385242755141,26.405045689282662,27.450205056690248,21.936971610801123,33.92535948305459,35.31172373376352,19.539298177151675,35.996971989158816,26.175907920545114,23.91155328371714,39.000916546930775,24.682355592812414,23.317088989529736,22.708319490368936,18.98546482912159,48.39385357775611,37.55053993468809,32.42124593706617,33.998230480709914,30.767342853843264,30.94815159787193,34.489616825651055,21.490437671584846,30.955347403683582,32.263975428185454,30.056651002298857,37.16250625517775,34.32586461389063,31.633953832002096,31.214764647138267,14.982737651245133,41.78517523204597,37.49065422550686,21.85782369445621,41.06005908633137,28.9509194617543,44.92743372589962,34.95111100044006,36.282986045032416,33.26791888170188,18.55427146375725,21.345700948264952,33.268055318669234,21.011688099138087,37.38169659058165,22.282435409863485,19.99104405408331,41.18067165686568,49.00051392101594,25.296909774234287,33.87583088917636,21.82228647306956,40.31930418419992,36.98450532633034,35.741740176347456,33.078699145019144,42.95220343583837,35.548340112408184,34.2062407406507,36.39117105749197,38.003420830560415,41.92676367607095,24.99858268879504,31.712375428604776,40.320975000866255,24.54177217298229,28.97394740045585,24.651178977474625,22.684464581732183,25.282496264808607,36.09307890238867,30.030120487102444,39.75842417410894,35.21050101017588,33.72938857185736,38.34089810828433,31.270524660744663,35.54106540990016,33.848256876895746,26.645122831028008,36.58016645495541,36.92948126676241,31.50545031132445,24.050956162749625,49.68010927483174,31.354902101803077,35.61424188044347,29.05215761138164,13.966462072181177,17.879596846436904,27.51390932076967,25.693395516498487,29.162986057232025,38.454502708701824,32.11727601715256,31.66388367138909,23.835011807657835,30.198635520750848,23.661049527180403,12.68680679216633,25.108097336221768,38.8154093459395,28.501351485037212,26.3951168267562,15.290613754207778,28.649631654446097,27.10075080014414,31.23969633475621,34.665603994239014,27.746664661245905,26.8015542413032,31.69728984755831,34.79498570164441,29.74353139897689,19.00453251083617,22.93867598828904,22.95719102565929,36.40882589591095,38.55406838801096,46.8493793125104,30.84576553492764,26.389974848016674,29.052126451189157,34.25289326733855,28.086161311870462,30.147843062651333,38.00519432305768,38.36002494066973,34.195986365398,31.3631126242461,13.91947968428325,46.98611867071833,28.779325118184502,21.607749507772738,24.61368645305804,35.75946757717099,29.966513788337043,31.9578765406436,15.124197770548278,33.41627008052225,24.660938111310827,39.12132821026342,24.58404739435306,36.99243312950455,30.23332261537982,48.62154045379145,21.001841199510377,34.29493935458629,23.557741564782592,31.705475126371716,40.7395895186258,26.23623593856979,29.64256709288128,24.769930264378623,25.42085028972088,40.168622275745626,31.477642437368928,31.3792871556816,38.38071633015032,32.90728895640717,26.484011042172845,25.345216265035397,42.97401730965918,37.45060675317024,41.0070707237164,20.094574755359357,29.922817396376704,26.24209304508652,26.9130573606615,15.644650754089032,28.97471716500549,26.097340437112056,27.964174092246918,26.607171894314245,26.523962511449135,23.37273488090105,33.29645619415038,26.455670378374336,32.693422737998034,37.35731555596428,46.3856530335642,22.491632341674425,30.858464081362143,39.46981675424836,24.04124897833301,37.26650682797264,24.26671902690757,30.069243568775068,26.282262536815274,43.63963432493021,27.617985507651028,34.564616975408235,33.584824884545895,27.170577398207637,39.009738967915,30.853975247130062,29.217642123702227,24.63762921025512,41.77144286555995,30.13544795008413,41.97900664958547,25.64363725129804,53.81510228206276,27.38751879136349,27.56502009860965,36.13448994274084,32.56636006452374,31.07994860011931,19.986070184093084,26.357856632289565,34.39205128966784,18.37022462048027,35.931340932886386,26.41549000520706,32.74154214476005,26.141188391596543,33.46545850832667,22.908912695533445,30.433678548686103,38.78276190270089,20.20987636051171,33.522611023355054,29.053476347535227,15.383526971494469,24.147797644550124,28.67199688091141,40.8580414848854,34.79195502709749,36.72285853922554,24.51943422565531,27.59494641345481,27.48697559503662,35.179723050447905,34.08246792668699,25.09589781921925,31.988964625818955,22.206209002042776,22.89797191128171,40.858124405669145,41.752959726764686,30.749831759989288,37.32321546678431,16.561596004695154,26.612927689050668,31.300105322081272,32.84621525324294,25.330750645531676,34.02151341142451,25.144800879025087,29.00082860758086,24.03939583060144,26.787431846786067,27.16995177759833,38.4184571696802,37.20656167786937,26.47702917458133,29.41253610699492,32.708110827794194,35.63710676530301,26.87814432348376,28.40638536836855,11.694661370620826,18.13796792563792,43.69651777978767,14.44583627331605,20.56449086147933,26.93658076848605,25.12963582765159,33.19378482837439,36.91026823183076,36.27872823776524,42.59147431113279,29.708768762861084,34.63794805734588,25.23085597834765,39.64457927815934,19.66904790434744,27.204978901813764,31.55744093863629,29.804983892638035,19.992940063120827,29.745218971224556,25.61742348215031,36.76796964542798,27.9177739220621,26.126738837324734,33.84037139685936,18.87323027606516,35.06933134007866,14.522984618130458,27.023572576639918,42.63506223050098,27.990997846741177,29.643997999261483,25.92044595407648,30.5075124428068,33.70585126162262,19.890121644182493,23.172578140619493,32.941887562093825,28.825226608223858,38.53149501474216,22.320722972230808,26.303732700086044,31.42512334198138,27.21526064765176,22.261493243376343,39.15043963992571,50.517752833238056,23.94604634106135,34.39768860585195,30.354337417593268,37.73045418931597,14.624782990042313,29.79419722237736,30.557881797336503,36.34930148299306,24.42656166398792,34.180719563057075,31.165423091360147,47.10576264244604,35.892016852565746,27.18096635544131,29.525508868992848,40.19933151162468,38.48420467929825,37.48476249969448,32.31253030144485,37.24377417716531,22.438963891388774,16.421021010221594,34.45794035799179,27.105727865892177,27.05356004227846,35.7270213778513,34.9017857788229,37.486125613423376,23.27566560928545,30.66660838789249,32.84351313268024,27.317823372059003,28.45723843155572,36.02548700967937,36.25168927625384,33.30141612858879,27.4708024304944,41.52879213552076,24.86690383263539,24.853959264867697,34.30873369507891,24.998880413087036,35.73449112177092,21.28912233472608,39.509353363454245,33.913547630099906,30.41406087898566,35.333389904450605,36.294656412525605,43.47699278746286,19.54688179406244,42.69661410189916,28.46591253732049,26.37873790319903,35.298689655226866,26.59346166339724,28.34182454708375,39.10052558240136,32.32332057402278,15.681774163136073,29.16804386452613,26.873086742761167,31.802582077514536,30.69665872772213,24.406629195459644,24.052441403514308,29.50717583605151,29.071480790892657,34.02498602846076,43.397844112112764,19.03202386036709,,,,,,,3.8,0.0
,,,,,,,,,,,,,,,,,,,,,,,,,,,,,,16.094007215579023,33.505302133503456,24.1961921014415,21.756003720548986,29.927621864566035,11.765421568837567,24.948132524705,22.586456419412,18.776203705350337,24.89174602751075,21.700353112336312,37.82921692769692,32.183925599795174,20.21516584504764,20.426687753659984,20.776368735613048,27.479705411526822,11.777558425012971,18.393624815452835,29.799670837885596,32.46035736467541,27.774166210406904,29.692077327822474,26.81714486731972,27.28078682264312,24.287869166827672,27.805519712197768,25.69289203646916,29.545932128034924,21.08605683772332,35.61125030434069,25.98993195382075,26.30612333903849,28.371032655735245,28.250188897933302,26.40986615969933,29.20629017970449,29.50486868137482,24.20702008902784,27.01633979653059,23.53233567775117,30.055588271793027,31.946535141871458,19.361854738641384,32.387243036309336,24.68275580047767,29.00511893998176,22.726796755062846,20.35000191234978,24.211145611998752,39.32999118486528,30.01343762295386,29.34894595799449,24.97835791782566,20.516355575160357,29.61603905678017,21.20647326689332,31.180399574104943,28.00952555189967,37.08080702132126,13.23332873076043,15.781346440515026,25.312393002721617,25.674488889136622,17.53638300620374,21.4117997081944,19.3945938773838,31.714236556173987,24.8603365550918,30.344496538587823,36.313492456001725,27.105725075005974,25.045366563904352,25.08104741345894,24.12945857967874,26.157648021173763,24.38986377715401,28.9228101406371,23.62242593415054,16.324516254451343,22.56430057906408,23.138632114271857,32.26153570650254,28.470654220786564,22.928353767352288,27.635426900883363,31.935632467526947,17.621842253910188,33.68047036765181,29.75988311177588,17.70337516200937,24.401918554763245,28.105389041337723,26.41636594272889,18.37043824484792,21.96888246781116,22.20139612345115,32.338590606945004,20.17721064613744,30.741171512314708,19.35253742229869,27.2705505545964,20.40675165727879,28.533013823018017,26.83492300413296,26.32092587241373,32.81454514128851,24.820603139828933,30.221037774227828,20.88196001077963,23.940526300831277,22.167177801256088,25.797105731283576,31.719333435034493,27.105455237977228,24.871319055034892,31.73136265773284,21.62270082816676,22.60249429800162,26.469159669315328,25.964256717957905,22.99506853902784,23.260237823780468,20.353341857051294,28.08736009537178,28.342131946458228,21.557407679708778,28.43022923554841,23.27340117075912,15.65411866467143,31.953298583832257,18.46088062576736,20.24589461598889,17.55599525280333,16.495077608663642,39.245759177192326,32.71273000760479,25.587540018813115,31.43229056632209,27.17331440151823,20.903764756497136,29.26753055593942,19.68420288353472,24.7968107242281,30.17262040683466,28.214648551529365,26.879099556283176,27.040317023524608,26.98016105288874,25.546447086568865,16.467538519220888,34.67944544508411,26.8433855349688,13.12423116483888,35.938548901077766,21.067500593630516,35.473614640294784,31.14396418144425,27.75188701242112,31.250683358838383,16.09175644511777,20.113043174053978,28.980628343120667,16.850513038388396,32.916718614301466,22.68360474454752,16.24085031982251,29.25792043870975,39.28502520241031,24.41373262221785,25.36603335105248,21.73159074349019,33.17942455336485,26.00435221091277,27.575339892576107,28.90256345253534,33.605753829176095,34.86277827647107,23.36158412831746,27.200248821738608,28.622405349705776,37.70082321520087,29.38873041199691,24.2927202616062,33.53808747326843,20.714010108006278,27.285968847707544,20.70966266446931,25.61717963363136,19.4843004948286,31.10281866398212,29.12921905797084,30.452750680333143,33.1279078536693,27.444212320014994,32.446523890840616,26.42030070964659,32.923099949045,34.43646799851727,19.588380728146326,29.60966971073026,33.75062763841514,24.97309088540831,20.749059444227687,38.486766493797646,23.063818092019744,30.62388290223808,22.408008675932845,19.25355820462191,14.872434469782553,23.853346813692816,23.34142072873286,25.15409073938838,30.94640555337529,25.72564906686322,21.45725330469646,20.578167450641367,27.09151706423764,26.109094111012897,13.010812591005536,21.576311243037026,32.045699160174394,24.75393143951988,19.87493931291695,22.001178457354897,25.551853557874445,26.48706351900961,28.468259420371872,30.42536112095381,21.991867491289756,21.37694930822228,24.07847324235079,30.65172303580374,24.315015246560147,15.46074656471662,21.358021102344136,23.809712158746397,28.07405780026225,31.60229209303036,35.00165279349826,27.99463233871021,18.858703409433744,27.88600745201869,29.667371951777767,24.404294471653515,26.23162437488561,27.13516244131682,33.25611510681266,30.227641939061023,25.64574215705201,12.82526265625153,39.696477111646,28.00755531904004,22.08044418289443,17.162258536389178,27.83169673132956,27.557607466957457,24.079123056318316,18.48894820502341,28.959127862676823,19.55270597864952,33.592597972283365,17.09028197564188,27.283090208742895,23.952836090823297,35.732302699597504,21.20946032627521,31.890122629627378,22.100094926853554,28.72195197847117,27.30724318330965,25.223697025782588,25.370815679384144,23.081920910961543,20.678620978883355,31.217930595131687,26.824979255515,25.714410107140008,32.557088211506006,26.624064688293576,22.07394010768637,24.3692198993724,32.352945859707454,29.38528016101641,32.35306515401662,19.668650932876957,22.013229108856983,25.023372957024183,24.040100256061876,16.879621989889444,27.68734519455816,26.71080608798073,26.29500278482363,22.8927322536014,21.843999778466177,19.428568919382847,28.097400644003574,24.841525353226935,27.079472410090005,35.28952918108592,33.343363634711224,19.54971562795784,26.635907637606472,34.02873241489173,21.06925072324433,36.30571247093488,19.677334144441524,28.791673738930463,21.11191690067841,33.58599365378827,24.065558337318667,31.77631681069655,28.051687595641383,23.101457502601917,28.22130602059087,20.271140906130945,29.589634205653496,18.151836713856586,35.37727402420599,22.532134058742663,29.69633547645011,22.69241819189176,45.80503640078489,23.884084178283832,23.46195133913449,29.178708049980077,29.35138601837123,19.802941174064223,19.076568220662946,21.058007387286864,33.518477473782646,15.187386546784987,31.029142788965423,21.6547707551288,24.71224762055956,17.913848319803996,26.669470016406574,21.48675492890147,25.05058113077476,30.882217394448386,18.28553496289383,25.86912013312653,22.170432541666543,16.825941589648956,24.050583904792425,22.683055220972665,32.03231775268789,25.94663631242916,29.590591512533727,21.363829722958087,23.94601683582549,25.322331955075867,23.6070831596394,28.8734866639386,22.751324816833208,30.165298543667923,18.40902075504308,16.713686642693144,32.82955775855228,31.81095733015833,23.84801894395781,27.69067532257429,17.394315490488847,20.670421137846866,24.73643222048788,27.299829888791223,24.88080792236731,28.27350209252304,22.11110829400941,18.945862979227723,23.1168305547296,23.8216927066363,25.05099480618363,30.19359628206384,27.109109816625782,22.109703418339205,28.396411563857104,23.70803207347286,24.829943223993244,21.01688196708433,23.495301468548043,9.94450218129812,22.31230936935366,33.67530909518259,12.867579536692888,20.48476508185705,21.151547406451776,21.117654768815413,27.860876103315658,31.220217662384982,30.781670276412758,35.27016716094488,25.6654828041054,28.432978407307896,21.485571183796736,33.62852418675605,17.401141109952135,24.80334644967621,27.651798902885997,24.33908455788713,18.602417947401783,24.463928513029355,21.432585721439203,30.514132225427275,23.293321224884973,25.673844552809115,26.20753043960774,16.00128316849907,30.16728080351329,17.340410157667645,21.942016483795545,32.62290907146754,26.89849968033303,25.4269813093346,20.60940250238289,27.753069111022,29.11999807108949,28.18723039672437,21.494068289534617,23.072159879915027,20.55326541548512,26.826453593284445,16.091497834719682,24.9850533569353,27.30513295838393,20.78537806414498,17.21446177083903,31.059710991983096,43.20549030126147,20.321080571517832,33.141328718088445,29.377570320048346,31.20589141378697,12.028600290257137,25.254576032355043,24.617724052553275,28.22861899921999,17.288013763613378,25.85850063938543,25.908005916205283,38.84686834693561,25.00376045054026,25.19055434012551,25.31231583872757,35.27148074120035,31.71740150647751,28.020948887039804,21.54212284327987,28.34892043159392,19.363087996044435,17.67688798444927,24.11132852664471,24.889709645353705,29.05246835384662,29.25874937183459,29.68935936031876,24.124221739926497,22.61280833233421,24.31571791459665,28.82146722332553,19.922330787882174,23.065102855718905,28.73234848280625,27.096608885127637,28.51218653968813,26.95287890292095,36.42392566120324,18.835495287618517,17.278245564068996,34.00942181524446,23.85323139279008,32.665254226235845,19.50427596966525,32.82259175861767,30.216943204213344,22.045921801784857,29.332118910826605,33.41936469414073,40.31614845091407,18.38032507105023,33.80040329082533,26.371896538816063,24.99623698204884,27.352452932538117,20.801439630967582,23.52012523073337,31.16191655356889,28.4954691746545,12.50949446728862,25.616487331611488,21.244032156612978,24.4866930982002,26.282978169348517,23.85635415177098,16.943849790309237,23.550978683888736,23.353533397293567,32.25612725384149,31.02873965661392,17.30538646086207,,,,,,,4.5,0.0
,,,,,,,,,,,,,,,,,,,,,,,,,,,,,,11.06635906272164,16.99381523820297,14.330122485581516,15.355250454203691,17.37746766782992,9.181628664132877,15.556751014215038,13.79298193258545,11.78666519239413,13.584571823983495,17.04824345811131,20.166388739001327,19.917935470701245,12.124821539293194,12.766204028888575,14.612982436883804,16.14652499543644,8.143142065668988,13.23682934848942,17.453466870313697,20.917622509052823,15.46208439224236,18.6185756674804,13.985117595281295,14.365053637161685,13.505369739783593,15.2577818909267,14.631368618494024,17.35428981800211,12.458929121501882,17.42711600282868,15.44377973055716,15.247092960702942,18.35132246667258,16.156635775006425,15.26281436286129,21.208671906478745,17.641966635112208,13.158067353619645,15.455762031831622,13.826602611953732,15.187123812516948,16.833277521530878,11.625054575063611,17.417473080957254,15.75609151463068,18.395139085775803,15.073783111300468,11.807751187527677,14.489918615520477,22.127546212026708,17.880990479850286,19.430231498989443,15.50628443687572,12.725441068052971,16.424504604755366,13.304185123377028,17.759107568637845,15.96574840782348,19.952835473652257,11.081284472823535,11.349903126006849,16.151232308372666,13.336823805728171,10.47211711300721,12.839406033390588,11.62858065721676,19.68667070859537,16.071525327907974,17.484168898200558,19.479564284829085,16.479608614126306,15.258203034865232,16.554867567837533,16.18160631325801,14.6835374160582,16.830287098812285,19.470291680008003,14.271327824129056,12.175195532159382,14.896065208644789,13.357589987099912,18.21702116977276,15.961078749761532,10.956443029623529,16.37395314034654,14.96346045083456,13.508276513101167,20.88346796789988,18.36431122166585,11.345457200449289,13.713255747212957,18.73522829331596,15.522340242052335,11.273057962342044,11.85995960883302,11.15367299458885,16.698561406744975,12.851325646004607,19.18074995934117,11.883008980031205,18.382865648239136,13.45317886070224,15.311115575100882,19.45625879005947,14.959837114351016,19.010116343675428,12.922929332843363,19.40618873596894,12.671160612652296,16.007025150735142,14.91070218012991,14.25192712033801,17.622842480084966,15.216433860649566,13.823794527151533,16.63012889515987,13.963966379313666,10.872362790016648,15.28042419861843,15.198021980847043,13.3886196697501,14.206462789556191,13.096414845743231,16.14360506135237,15.569693954143084,15.503853449209528,17.948676693984783,15.005687945249443,8.031074328685527,16.78286646112725,11.906688179814315,14.453809644042266,9.559595785061882,9.568434466108268,22.320425503526305,17.403017318561925,13.774001238541029,18.54034975218452,14.95126933521783,13.200271829665164,18.312479440041777,14.3203510222375,12.772378881149333,16.790017914446,14.28901012807247,13.808843984980808,16.828097315311638,17.50524093025324,14.350316820374823,9.661324557357352,21.40770624977187,15.76618117318366,4.956604218548328,18.08946017607661,12.251830772168862,20.220068670799453,18.872712236413907,15.195157811517484,18.091291441322245,9.702722386102236,11.628757931326229,14.666047666550902,12.005507696191769,16.9209707749094,12.540882035291087,10.884966646117368,16.973126773130062,22.895277888212863,22.99037084905588,13.249439804661789,12.81677879420955,17.452936135470207,15.169276646833406,15.078721782108236,17.668334970193747,19.83543403906328,19.514252479727023,11.475592077760364,18.78550378403715,16.7905854735977,21.20014781095164,18.220668234848095,14.453165295680856,19.28757625833665,9.827338618869176,15.11778186276348,11.382318341321476,17.323257878391534,12.488122802371151,15.47066373300746,17.00400283995756,18.925407924072424,20.828444689229787,15.097030346784774,17.897104185224823,14.69475435423048,19.12726486870689,21.383091558435,11.690896427457057,15.301202910504625,18.643414599317552,16.074707655239248,13.311359918211895,21.542928192579364,12.55266746543938,18.777655710610706,14.368428853308007,14.251379466782556,9.552734012539135,13.831783696363786,13.91456705341111,14.947902009146953,18.156953224285488,16.138312302287265,11.937420639017358,12.704819663135376,15.449360086759476,16.207610692527805,6.719337773529725,15.35756219302012,19.1484684547648,15.952278555567554,13.623727799900054,14.645285981434332,16.340507747063896,14.497380549355412,17.60031904832916,16.987559843484895,12.798210454143952,13.5965769228934,15.16454697599351,19.67620398744238,12.81696623575992,8.195915188612297,12.197192390729104,13.54878667560818,18.27682564270329,18.74535612198917,16.992187846827253,12.372459592379045,10.212925284152949,16.85104907936378,18.736326042915668,16.344983256206806,15.660032551339857,16.961208755469023,21.702991883241147,18.662801873815752,16.61245806622236,9.123513148215167,21.647362757870415,17.575166710277635,14.442699832599423,9.230581004967062,15.87451850228288,18.209445431863827,14.965353715303262,11.952481853648514,17.949420306533725,12.677822556297446,19.306424921225737,7.677403723782531,15.44436121379303,16.11271389229643,21.04900132444952,14.928198259235211,17.835027469787413,14.473616838624368,16.985934781361184,15.597646376063553,15.912805633947034,16.74353272908189,15.829922190655475,10.09881968591504,16.109625857332606,12.817748174100371,16.546095525529736,16.820918191348756,14.310260636021942,11.898230637795622,12.43105692253752,18.71563213120066,17.142062625470988,18.148793059619663,13.23942219954188,12.95315412476386,18.297613962860385,14.148801635126572,10.934225987811711,15.810745190212751,17.700041793379693,16.511711850893132,13.17648273958232,13.724413163286467,10.962438279217697,17.470938424417668,14.615366424399742,16.28462577439686,21.412182246807586,16.301592854167872,15.641840084791644,15.511368124531169,19.64930326313201,13.50708121021162,20.567086716919743,11.902903716920864,16.044829858202363,11.501747569535192,18.994452804787407,12.406873229555556,18.885139056713616,14.98610081406676,16.063226157042543,14.99327476046894,11.10592435245852,20.140437420407967,14.289745121533352,20.50921728941299,11.399186119611963,17.901054710148806,12.804070728243817,25.9320062458397,11.895238558546325,13.298191980822306,16.469984882400507,17.409369963819767,10.569747265205333,10.3861253315077,9.8116227535106,21.573609073609017,8.157942072635437,19.98654517629574,10.933378479314207,15.455984092832448,10.501305503883328,17.060233798015872,13.806235074748642,14.662775137971437,19.640932219860865,9.208051969771994,15.909634812604374,9.525326991135811,12.203657687291724,12.350932190271148,13.23467486739075,19.441536250275984,15.117016396851708,17.370357830542652,14.467710978909412,14.856420223548556,14.76482248168526,12.65794135686152,19.356630773773613,15.791083826497688,17.597494806813565,11.023638184525849,10.906990713762465,17.15594150891481,17.53438537919928,13.685734170815492,16.16065827332418,12.520357715536903,15.54338771719505,14.409225011000576,17.42394619654946,15.647734798035284,19.11880485863675,14.125635393877364,9.396019286237577,14.47587443417508,13.69608886280086,13.691273087340864,17.49200175893957,14.042010684790224,14.215151863406357,17.656361380001876,13.225969767312446,15.5974235543469,12.825574152356005,12.811556008915703,8.118067440101182,13.023996362003198,19.36757802871168,8.262786175753291,13.175235966594636,14.015783534820487,15.581348831297802,16.469559397077546,16.462991861685584,15.985204474746046,19.17824411880457,16.229382275037388,18.291642604935188,16.024919417135493,20.86849421354352,11.38846264068978,15.547120083985432,18.34308724644414,13.231483484742284,12.445336243277351,13.057418250393916,10.081918887470644,17.434510534756733,14.8608758865114,15.784048056120977,14.20731210150809,9.93741774655044,15.91387483220211,11.187190612336606,10.52916898849561,18.33028147187304,17.163213346924813,16.054818776928677,12.869595256412858,18.586125299686465,15.602165561752182,16.0026575146575,14.354769401314256,14.268319097436883,17.352183731594437,17.004106824057196,10.800900530853829,16.9474445680398,16.629164352795943,10.634238684911834,10.648277587534158,18.095008864168463,22.51975921886357,12.232027417842597,17.641335657329765,19.75868066640766,17.51653859613501,9.302411220375344,14.007522635212126,13.617312837378002,15.610276795881928,8.683233699070579,13.560337602594682,15.788883766227,23.12347242744416,13.639053891378325,14.34204034778016,16.088203078825444,20.53496002999914,16.903681277049092,14.932601491363066,11.642084706271977,16.357781803982714,12.46576060405955,10.997953672419184,15.805694364093798,15.47307946269295,16.85419337129178,16.156539077202257,16.677457462074397,16.026441878640476,13.173135435246026,13.397296719867096,18.9390691517317,9.802753296840672,12.92008080656942,13.029160761388535,15.0773282506763,15.91460519567497,16.380030973657167,20.918066145388742,12.447222595811112,10.826462036538032,19.84561805037926,14.685500208172629,17.153502576561753,12.143142201118966,19.2860686027483,18.41095900088245,10.992773040414905,16.829753766577486,19.47786380409816,21.757948706460837,13.133487216145252,19.349187282039537,15.40876145025549,14.695708009167172,14.961074191702377,17.31117793154918,14.73252497413094,19.481176098845346,16.158864291586532,7.130206776556638,14.520499294763516,13.244704982149818,12.618337299655828,17.63363351778063,15.533988729615352,11.800808045388358,15.616142887031804,12.16739690601228,18.95575376501151,16.58267529402015,12.303661883173884,,,,,,,5.1,0.0
,,,,,,,,,,,,,,,,,,,,,,,,,,,,,,3.973499200262116,5.93067142822842,4.465640385972795,5.2511437040743845,6.015087747006673,3.169636445801859,4.857374649417878,5.095688678089164,3.6430779765862527,4.493267538415146,6.424317858243711,6.077715292789811,6.762334414296989,4.302070856239695,5.521558839061052,5.983143335186312,5.437587722220332,3.269393300944293,4.902034146106999,5.320718056725343,6.006388546732867,6.356879871122971,6.066098322492614,4.237049495962271,4.803141528358166,4.258202143472088,5.551181257225689,4.152457449646693,5.784860528393981,3.9976445227093422,5.245079269725065,4.835877913849659,4.637866183701336,6.886568702258213,5.618790207236271,6.22755621962393,6.612501117248693,5.258210825303243,3.664152128041876,5.69487322173757,4.686979685759246,5.993562112221803,5.905235320121099,4.779200677255418,5.593341516024024,5.784475743202173,5.8510419884262,5.238917164926727,2.990487427145041,5.118698202312201,5.566121395138493,5.767261861906549,6.52345393374254,5.186909078909502,4.025392792571792,4.808981936880627,4.2778028841328535,7.021217005079845,5.4569442256683445,5.79331094873127,4.238513748314475,4.946159482428627,5.6569553901560266,4.102538256510735,4.729810184519264,4.50372183722473,4.357932480937882,6.610253049213015,4.340045084402242,5.556094410112371,5.546703527098773,5.208670888932684,4.996553760283241,4.889507643494216,5.567732415563469,4.524941499853272,4.917870639514378,6.583097663692886,4.775660941117626,3.906796157617793,4.955037210715593,5.232291938280963,6.027305331079823,5.921485111737304,3.6244553329640263,5.344184801236387,4.375299299576822,5.23803961625355,6.618211894558467,6.134425365583991,3.4863290488279337,4.950635112906136,6.375496928254213,4.144771284336733,3.131019973578189,4.278790169255501,4.186132282869936,5.5132931378728935,5.4963145303263605,6.060899814622319,3.664789610406911,5.992977411295447,5.012442959224215,5.18814659486959,5.966716621172905,5.38632710121156,6.212435256925263,3.645404161141311,6.811079946114318,4.634382110322292,5.331094046681082,5.677872768608795,3.971697375634978,6.358483342968784,4.159413226055086,4.567068889874908,5.80780634603995,5.749768909298037,3.5278295810603897,5.122399334541572,5.855380632445501,5.051208725962954,4.8884578124520495,4.2129855561988085,5.263445480252782,4.49333375440704,5.604634795652418,6.438280498859861,5.338292176541231,3.961265721470516,4.66660204526222,3.7186461712804393,5.217402531271035,2.751611575624786,2.883055713882801,6.853809267463582,5.586688203682567,4.205454955096511,5.386516043242376,5.363360526223065,4.683514148543415,6.709623417167396,5.333344899386798,4.225150454484452,5.301353572871719,4.601675018173293,5.108078481274755,5.265158491178136,6.064672387662847,4.19392921696382,3.053946153605371,6.622414529246756,5.883376369966566,2.2955444117770583,5.36194395038422,4.140943266862643,6.240215023464357,6.648291654381685,5.342419915711649,5.989910934320752,3.3707747252713984,3.057719263688432,4.733798629737138,4.600054923410876,5.642900158133145,4.671337643168372,3.494259179188842,5.311048122313359,7.076237535732948,7.529414225326107,4.39156635578326,4.274080675804534,5.694878483604313,4.483894330818903,5.580945563120584,6.189143254245975,5.9680790754704365,6.998679229998725,4.013212855944495,6.4684792884377496,5.37940574840788,6.735510295212201,6.345164464687223,5.346609299197176,6.090165518258432,2.485933833018491,5.430989661202148,4.411092983177438,5.84917048300399,3.8892376684896894,4.881601328627904,5.5310616568749085,5.39044624225996,6.480954106468868,4.161718954928818,5.2806355885922684,5.870590751098124,5.912756452294582,7.146832908819455,4.304856239745511,5.613498338416186,6.0660609451393,5.312153076089091,4.137395758918202,7.247306085141442,5.428604559023935,6.795820736436613,4.524614927692494,3.5518311670542517,4.143821402521218,4.203918282081348,4.332222920379288,4.626298341533372,5.086567544758042,5.870561505159218,4.394772845272585,5.230953872150442,4.640410927008588,4.865368948511294,3.031494374445856,5.219974293427219,6.28783873167253,5.994372234291621,3.989297095594356,4.624510522300942,5.178694657000849,5.334082871265283,6.068907205358755,5.644101755272805,3.6477276727335513,4.626478429211919,5.011556019311781,6.47336527946748,3.918468390461257,2.343215935476297,3.851526246749484,4.935275373365768,5.277176386851188,5.946877368210007,5.749223839562326,4.2158004518643,3.349322727274697,4.932528293039817,5.808317578761243,6.660124090306172,5.037299819510124,5.259477355185407,7.129902234279927,6.134681895654975,6.423320585953249,3.0151295976983605,6.988016397027563,5.4259329375767535,4.967093229233585,3.161047291743253,5.713406712272456,6.015794148895461,5.193874844241097,3.6649226614089896,6.14878583390043,4.736539815714178,5.6901242141858654,2.811979396683574,4.175290463133304,4.62065847085178,6.085139422288812,3.840979836079548,5.608717907710481,5.055993667170706,5.80256070326624,4.04880612695262,5.832827764391633,5.765992202345863,4.704430931161218,3.66698676166025,4.8369653589677455,4.8705776283538444,5.295463804179632,4.846136243447837,4.9976420293742105,3.817164429323748,4.361232428598203,5.323808204317137,4.985149767339719,6.604810086686158,3.7921496946186695,4.448820872018914,6.715300765303951,4.749720502950687,4.42390295875539,5.884335731301316,6.188990364827982,5.619152650425253,4.625934516203275,4.19998028292296,4.219274446469098,6.813413810983107,5.837547697666345,5.18767674842627,6.450170197919876,4.575733631886729,6.155019323051071,4.583462873691151,5.878210286421792,4.8178701212874335,6.935623269610788,4.628895000579629,4.889014806620981,3.580306331130868,6.625940362103803,4.032958497235045,5.935438563188171,4.649103340499578,5.334572698410659,5.351264369665917,3.948229465175432,7.02929115424567,5.6841716835610985,6.391435784040307,4.238926445053926,5.688944708689761,4.517338815944028,7.760959354538189,3.1511363149566707,4.6485833097257725,5.307518341929259,6.313841905187494,3.5356392390578613,4.123963407962721,4.149596010648877,7.089627455141113,2.6014708076517667,6.349433101426206,3.3650937858479786,5.000227532239455,3.2902812164871875,4.988005054438729,5.342713273059296,5.184524865405995,6.808540887593511,3.163384768402398,5.472316574741551,2.691298472499113,4.413406159860866,4.281131255650369,4.924805536860567,6.9819068962459365,4.808108630566456,5.86482843586813,4.139884434229978,4.903730105284035,4.996993775261778,4.846302431575096,6.298574382874507,5.419334094785848,6.112735751041907,3.932522188785998,3.12887622868561,5.535632887702646,5.635665839281955,4.301197209352567,5.242317093103903,4.508377784848986,4.39194780808253,4.82537541841222,5.618290443028068,5.226866281107943,7.060021684707811,4.790477320607623,2.8786223018288903,5.062454621276336,5.189799418785436,4.2580947565439295,6.553528453192032,5.305816554430365,5.119239242222346,5.356954715007954,4.425259001433341,5.080440330051729,5.383791866560199,4.387383906334574,3.107468799823728,4.309653346396102,5.374758236133587,3.028433291627404,5.339189566702832,4.764466576182818,5.288900423197381,4.776173532480303,5.16302043403758,5.503597557552657,6.492987805963148,5.270909761445557,6.111346248116152,5.379566154210656,6.62313595444858,3.679798689117447,4.718395854487979,6.241467958124042,3.631680921831374,5.188624702403191,4.653875496242118,3.296710120421953,5.607200761056969,5.372757365822639,4.743604024727027,5.233513098862858,4.003789694363304,4.896734861273673,4.6038693901973735,2.7248271741348558,5.441107632070894,5.894230838748785,5.659842870901761,3.421879380339703,5.969095334979518,4.459426616202313,4.85627176383663,4.192629102616005,5.003983892502163,6.108758479709973,5.9098962054384,4.011779660414985,5.738290364772326,5.964581942588544,4.410601055718358,2.9528342972427324,6.687669778222251,6.780396016236594,4.366508684434542,5.19613503262646,5.930843444590893,5.862019580188278,3.29438311095273,4.70865440754587,3.9607554906840736,5.653240267478442,3.4324904961101703,4.503131905631258,4.576483426686516,7.290169025500707,4.116022970791854,5.4186007989945,5.568941580672529,6.501147367937331,5.167213705301927,5.212214065743668,4.281169740000056,4.874320781103345,4.576544363737799,3.5028528928228257,5.096202503677425,4.798326317149109,5.442362571597355,5.561254061940431,5.3248766502594105,5.375773649167844,4.819608247519426,4.779930089138528,6.152711115514268,3.51403181079204,4.797360491484676,4.275550131884824,4.617437488427992,4.451713138119505,5.919830695456073,6.275487476887848,4.604290356025454,3.868278654285617,6.387080544494658,4.814504544042873,5.721084270189674,3.354434912994172,5.735500167219325,4.90039872827808,3.9754717530411607,4.403723278106384,6.538102699588945,6.624986625452798,4.797009395964352,7.127500852236258,4.8937643584609685,4.949134670533814,4.99162384755354,6.126055743501295,5.44318940622362,6.487838515711067,4.789513057875782,3.06854372273129,5.786148844084976,4.837138011996386,5.064593995713072,6.68355075855829,4.670892177417858,3.8242790881321063,5.495234314018626,4.168846788266263,5.156551991253673,4.205878730670141,4.608614592437697,,,,,,,5.4,0.0
,,,,,,,,,,,,,,,,,,,,,,,,,,,,,,1.6100890899018443,2.9229846578912824,1.582366828260957,2.3759682563828672,2.0144795565269638,1.0861428982269916,1.935549850954718,2.2490185487202217,1.4901622563351078,1.9567711391625364,2.4372767620964706,2.618922640550163,2.82857646119177,1.7693707535497212,1.9076017505663585,2.5929450355078525,2.251587708395508,1.7488452190106851,2.299172663455123,2.1701985370394694,2.081628892903919,2.606158054831541,2.5502228970965835,1.4252351913261443,2.0820207425080706,1.6432725907685628,2.446341526258799,1.2313728534129225,2.1314371223336965,1.6793903846290992,2.3887936564533305,1.951581107014708,2.009682111036009,2.830684476437364,2.427302084451441,2.8564833315945206,2.8539270326205446,1.7998590255998286,1.1690038258804862,2.6152475165474365,1.5348576459028913,2.5641027948745845,2.2253203427313943,2.2049817212145606,2.1593989123566475,2.40125841686572,2.0532593538803234,2.187653987968201,1.3595611942337829,2.215150683157195,2.047677827927968,2.032060420752348,2.1257550245601498,2.015805811739128,1.8118080072675309,1.9539931107466744,1.9972958350299,2.8103556862771697,2.11111576223458,2.3042221085932884,1.813218062359672,2.1809956216185555,2.131909305560064,1.748364183315301,1.8528892109260204,2.0631469167167684,1.9598322400783967,2.458010572178911,1.6395412039134658,1.8312062143478876,2.068102012735971,1.857976794065849,1.9923010584126908,1.8641234579554609,2.2251025183010698,1.7305265614719774,2.211688582646222,2.420451258135748,2.034598892355559,1.63062207232098,1.6240673289274548,2.2222924445255265,2.1178898475790207,2.5886666623735617,1.6147002123327392,2.467523328640502,1.7247631599930584,2.1413482329602846,2.723073798809419,2.242077180095393,1.6213269603171283,1.952848285961958,2.284207827035021,1.5208414167044029,1.3732067598627418,1.6502132852825826,1.794058563222028,2.183103551297328,1.6807359346681645,2.130441131082306,1.1745085517412093,2.368543185797401,2.201092774794587,2.18168669266174,2.272990469899639,2.174480488692177,2.401260860498575,1.4361345316583627,2.6825854732811054,1.8113765151813652,2.3633734080398296,2.237214733288713,1.595382505918322,2.416649433754372,1.8157032919279696,1.859715465676279,2.258498287307252,2.3103265349470137,1.466341349523749,2.2296155942667704,2.364834243096273,2.224226568283002,1.9917382122936085,1.8516339476703665,1.85105968655127,1.9770810378387924,2.220972538816297,2.688360157655141,2.3221780184804603,1.6087357114845644,1.907429755616292,1.3962870420392348,2.198422027120712,1.1179043486882434,1.3741125807341596,2.659259454351049,2.6758666508287354,1.979881231607065,1.983475433085525,2.0194184574273737,1.9238119190198644,2.757227737386071,2.460580859181096,1.2902028022078482,2.035075310125788,1.8810503816176976,2.5989906682733253,2.14051243672116,2.5905384177227653,1.4014718323080582,1.3181076662995674,2.47539491789734,2.2973908678058232,1.1120218962335515,2.0173008828519152,1.6133979944621784,2.162702078044181,2.257356599696509,2.199079572087961,2.1242833514857096,1.2793058503739494,1.3328160530100908,1.9449700063903856,1.970532048506688,1.8333646137210788,2.052516745898445,1.321512101402436,2.09670589076341,2.578147971602831,3.0217845966249923,1.4464755496306547,1.4055135120242948,2.429350959457792,1.632451717849305,2.3814100810959054,2.303325368415793,2.3446081843828805,2.8742953698293543,1.8005600060854228,2.619352771883611,2.239050095746585,2.3859972695865816,2.376688893577306,2.1196556765359107,2.3606614428046253,1.0638575730452684,1.940035812940836,1.4507241100440655,2.036626806716521,1.7571306716724326,2.2052674769184755,2.395432752465692,1.859187790280525,2.4653734999596537,1.6395273324982866,2.21854775547783,2.4148494723615044,2.325168420143828,2.534362643818688,1.520024603416842,2.016142903668065,2.5745850443875,2.513530119859582,1.9110725213841069,2.564842490488829,2.357637134411647,2.554235677232027,1.9600967637582056,1.2008668185925035,1.8888710403033209,1.3655089585605298,1.921449098676868,1.5559367066437753,1.9428715489480404,2.359213816278615,1.6598254395520198,2.148770078997148,1.851486527435966,1.8004647225233494,1.3486460375458489,2.230608475841432,2.31131009184843,2.161572402414621,1.1449889452991582,1.3874575348301026,2.0070428447012945,2.1639275795831283,2.465545398729035,2.229251418593772,1.3586788657639706,1.5400859450514326,1.9397352030662889,2.348262659476501,1.482533435964476,1.5072611898203403,1.445233558077904,2.0006412331778014,2.510708298128109,2.1623130143551927,2.031643328379589,1.6164660611884754,1.5572133250802933,2.273857809680492,2.530678174567771,2.967418366235872,1.9870679273704488,2.0751393408003267,2.619873796283678,2.050740056817344,2.656632565764552,1.0083888110407495,2.4977031103331067,2.2489345012595665,1.7607315224345843,1.641787441158587,2.2771168855066306,2.331268048952072,2.010061753218478,1.3076008952906726,2.401235571158602,2.1171326464645404,2.037855935392994,0.903388680290392,1.736785015768076,1.7367735748818431,2.145963776412201,1.9245720238545585,2.1332316502105657,1.678947861590796,2.710646121581326,1.5788973020461563,2.099721223859831,2.3830817373956608,1.8029570429636084,1.518654787157467,1.827667809600535,1.9873590144732027,1.937726495784522,2.048558407905141,1.6891478124674937,1.9487036606051988,2.04264174696854,1.939192145684444,1.7607802813153506,2.715988282597545,1.4848298385303216,1.847219769967848,2.567105375121852,1.9638356020661445,1.6972652934639507,2.197653507997059,2.4113360698049986,2.306202976526273,1.933529433446052,1.7036039818207118,1.402821501917341,2.671171863404271,2.0100149608727675,2.3772430148124672,2.4140154204640574,2.047773767629339,2.326693104688256,1.7170898544451572,1.8496624663269867,2.1915743919160997,2.430156853043023,1.7854327894299955,2.1488763553085293,1.6192180965708232,2.2442325139106782,1.7653920146538074,2.4585433138778234,2.3123569063207223,2.520243567379094,2.2571749192670407,1.646715730782776,2.8857663666270548,2.377335450118876,2.280758763804972,2.1891667935882366,2.527758709731059,1.8044546061666085,3.005205329713917,1.3121744587177726,1.457428931621338,2.066961842946423,2.2619273636089705,1.5074901543889192,1.2295059848184415,1.755679881221501,2.6330294979563806,1.3190310152374254,2.60858650543914,1.3701636883919155,2.238121122952635,1.3079017600962022,2.199761363500757,2.2133622488041227,2.5198018625436203,2.5877911631776342,1.4700679960522365,2.208046965134649,1.0933891495321584,1.8149745823615009,1.7777063821274977,1.7996243552373707,2.712145989950377,1.5926126451408755,2.043652703587697,1.512689263370301,1.7660450367409464,1.8845590784703,1.91712492032488,2.409799889440241,2.279664554786475,2.469384225935672,1.453169871111228,1.33061547533777,1.96901361549728,2.323845476327742,2.108408749208687,2.4368632483510764,1.7176632271872287,1.818317317198672,2.07545806235382,2.0645877833956985,2.115325978135884,2.622785965984404,2.0351817993476367,1.4262693604293546,2.464436049536275,1.8178232071739509,2.0422290026380634,2.51870759083268,2.335084927709211,1.9482117808209185,1.8846786011747685,1.9618016854809983,2.082293282905635,2.242307782131762,1.830721987037579,1.4520512814737467,1.481678268155768,2.4385585058506063,1.3160145713073428,2.666569754059154,1.782385855268243,2.231882706401396,1.9026755022617368,2.519126628949118,2.064403172869866,1.9380980543866109,2.427284960804827,2.378722220448277,2.207411961726662,2.2946400955152786,1.6442401816584278,1.621245340702366,2.6394608795140835,1.5805976361124012,2.2794355054503224,1.7087937231318056,1.8489307403828004,2.3316339803841006,2.078749855262259,1.776445503635532,2.2217392969696994,1.7737481659250736,2.0324543095815404,1.9150331809819865,1.113073289230828,2.0094334412243224,2.2904955907022764,2.4505739807134503,1.3428381008156334,2.2436192933709127,1.58470424038063,1.7735828363673896,1.7996747420871384,2.0923457045625558,2.177357495656272,1.969854100968191,1.4767740035797252,2.0307528063338687,2.40786306642187,1.73699084248072,1.516895545974825,2.9101993913601025,2.8328356087273816,1.6368888220236757,2.3451738914890954,1.9416894869743648,2.2285078978152297,1.2942328139532646,2.0207497196861737,1.5273364731577057,2.145113603068009,1.6244346626722888,1.925134454724258,1.6601696285911731,2.6075994056003093,1.806813421911871,1.9717643988444264,2.5912274991758126,2.886122546294647,1.7228089598260667,2.112047738452857,1.954108725320741,2.057717134128598,2.1231929238361174,1.5537244903534075,1.9577561847758056,1.695901427054192,1.7784129178446708,2.2218246582040986,2.1911842158529904,2.149931404647014,2.1240484307133545,2.029946580482248,2.5446063908849883,1.5981092677210194,2.0607758046529843,1.6632530197060975,1.8316480542711964,1.7681774222804116,2.367705329802779,2.2826700806508,1.820311390772452,1.4552832756436445,2.264375679905755,1.6586433636193556,2.4759832087232256,1.419934566219902,2.213530130772794,2.368157239150352,1.6052374970004248,1.8153114252579452,2.0445023557777384,2.7885510809771543,2.1185049369488147,2.843215575725936,1.8622603449543664,2.216138830182595,2.303433274658534,1.7462007926688663,2.602683471396602,2.687459993483983,1.9859533655605757,1.379104099158047,2.548499959717814,1.995633788342349,2.0214243036694644,2.609306318100688,1.9479997757230696,1.281821501293475,2.330279808321172,1.6852717390848129,2.036340294475238,1.5469144264782655,2.119830760937557,,,,,,,5.9,0.0
,,,,,,,,,,,,,,,,,,,,,,,,,,,,,,0.0,0.0,0.0,0.0,0.0,0.0,0.0,0.0,0.0,0.0,0.0,0.0,0.0,0.0,0.0,0.0,0.0,0.0,0.0,0.0,0.0,0.0,0.0,0.0,0.0,0.0,0.0,0.0,0.0,0.0,0.0,0.0,0.0,0.0,0.0,0.0,0.0,0.0,0.0,0.0,0.0,0.0,0.0,0.0,0.0,0.0,0.0,0.0,0.0,0.0,0.0,0.0,0.0,0.0,0.0,0.0,0.0,0.0,0.0,0.0,0.0,0.0,0.0,0.0,0.0,0.0,0.0,0.0,0.0,0.0,0.0,0.0,0.0,0.0,0.0,0.0,0.0,0.0,0.0,0.0,0.0,0.0,0.0,0.0,0.0,0.0,0.0,0.0,0.0,0.0,0.0,0.0,0.0,0.0,0.0,0.0,0.0,0.0,0.0,0.0,0.0,0.0,0.0,0.0,0.0,0.0,0.0,0.0,0.0,0.0,0.0,0.0,0.0,0.0,0.0,0.0,0.0,0.0,0.0,0.0,0.0,0.0,0.0,0.0,0.0,0.0,0.0,0.0,0.0,0.0,0.0,0.0,0.0,0.0,0.0,0.0,0.0,0.0,0.0,0.0,0.0,0.0,0.0,0.0,0.0,0.0,0.0,0.0,0.0,0.0,0.0,0.0,0.0,0.0,0.0,0.0,0.0,0.0,0.0,0.0,0.0,0.0,0.0,0.0,0.0,0.0,0.0,0.0,0.0,0.0,0.0,0.0,0.0,0.0,0.0,0.0,0.0,0.0,0.0,0.0,0.0,0.0,0.0,0.0,0.0,0.0,0.0,0.0,0.0,0.0,0.0,0.0,0.0,0.0,0.0,0.0,0.0,0.0,0.0,0.0,0.0,0.0,0.0,0.0,0.0,0.0,0.0,0.0,0.0,0.0,0.0,0.0,0.0,0.0,0.0,0.0,0.0,0.0,0.0,0.0,0.0,0.0,0.0,0.0,0.0,0.0,0.0,0.0,0.0,0.0,0.0,0.0,0.0,0.0,0.0,0.0,0.0,0.0,0.0,0.0,0.0,0.0,0.0,0.0,0.0,0.0,0.0,0.0,0.0,0.0,0.0,0.0,0.0,0.0,0.0,0.0,0.0,0.0,0.0,0.0,0.0,0.0,0.0,0.0,0.0,0.0,0.0,0.0,0.0,0.0,0.0,0.0,0.0,0.0,0.0,0.0,0.0,0.0,0.0,0.0,0.0,0.0,0.0,0.0,0.0,0.0,0.0,0.0,0.0,0.0,0.0,0.0,0.0,0.0,0.0,0.0,0.0,0.0,0.0,0.0,0.0,0.0,0.0,0.0,0.0,0.0,0.0,0.0,0.0,0.0,0.0,0.0,0.0,0.0,0.0,0.0,0.0,0.0,0.0,0.0,0.0,0.0,0.0,0.0,0.0,0.0,0.0,0.0,0.0,0.0,0.0,0.0,0.0,0.0,0.0,0.0,0.0,0.0,0.0,0.0,0.0,0.0,0.0,0.0,0.0,0.0,0.0,0.0,0.0,0.0,0.0,0.0,0.0,0.0,0.0,0.0,0.0,0.0,0.0,0.0,0.0,0.0,0.0,0.0,0.0,0.0,0.0,0.0,0.0,0.0,0.0,0.0,0.0,0.0,0.0,0.0,0.0,0.0,0.0,0.0,0.0,0.0,0.0,0.0,0.0,0.0,0.0,0.0,0.0,0.0,0.0,0.0,0.0,0.0,0.0,0.0,0.0,0.0,0.0,0.0,0.0,0.0,0.0,0.0,0.0,0.0,0.0,0.0,0.0,0.0,0.0,0.0,0.0,0.0,0.0,0.0,0.0,0.0,0.0,0.0,0.0,0.0,0.0,0.0,0.0,0.0,0.0,0.0,0.0,0.0,0.0,0.0,0.0,0.0,0.0,0.0,0.0,0.0,0.0,0.0,0.0,0.0,0.0,0.0,0.0,0.0,0.0,0.0,0.0,0.0,0.0,0.0,0.0,0.0,0.0,0.0,0.0,0.0,0.0,0.0,0.0,0.0,0.0,0.0,0.0,0.0,0.0,0.0,0.0,0.0,0.0,0.0,0.0,0.0,0.0,0.0,0.0,0.0,0.0,0.0,0.0,0.0,0.0,0.0,0.0,0.0,0.0,0.0,0.0,0.0,0.0,0.0,0.0,0.0,0.0,0.0,0.0,0.0,0.0,0.0,,,,,,,6.4,0.0
,,,,,,,,,,,,,,,,,,,,,,,,,,,,,,0.0,0.0,0.0,0.0,0.0,0.0,0.0,0.0,0.0,0.0,0.0,0.0,0.0,0.0,0.0,0.0,0.0,0.0,0.0,0.0,0.0,0.0,0.0,0.0,0.0,0.0,0.0,0.0,0.0,0.0,0.0,0.0,0.0,0.0,0.0,0.0,0.0,0.0,0.0,0.0,0.0,0.0,0.0,0.0,0.0,0.0,0.0,0.0,0.0,0.0,0.0,0.0,0.0,0.0,0.0,0.0,0.0,0.0,0.0,0.0,0.0,0.0,0.0,0.0,0.0,0.0,0.0,0.0,0.0,0.0,0.0,0.0,0.0,0.0,0.0,0.0,0.0,0.0,0.0,0.0,0.0,0.0,0.0,0.0,0.0,0.0,0.0,0.0,0.0,0.0,0.0,0.0,0.0,0.0,0.0,0.0,0.0,0.0,0.0,0.0,0.0,0.0,0.0,0.0,0.0,0.0,0.0,0.0,0.0,0.0,0.0,0.0,0.0,0.0,0.0,0.0,0.0,0.0,0.0,0.0,0.0,0.0,0.0,0.0,0.0,0.0,0.0,0.0,0.0,0.0,0.0,0.0,0.0,0.0,0.0,0.0,0.0,0.0,0.0,0.0,0.0,0.0,0.0,0.0,0.0,0.0,0.0,0.0,0.0,0.0,0.0,0.0,0.0,0.0,0.0,0.0,0.0,0.0,0.0,0.0,0.0,0.0,0.0,0.0,0.0,0.0,0.0,0.0,0.0,0.0,0.0,0.0,0.0,0.0,0.0,0.0,0.0,0.0,0.0,0.0,0.0,0.0,0.0,0.0,0.0,0.0,0.0,0.0,0.0,0.0,0.0,0.0,0.0,0.0,0.0,0.0,0.0,0.0,0.0,0.0,0.0,0.0,0.0,0.0,0.0,0.0,0.0,0.0,0.0,0.0,0.0,0.0,0.0,0.0,0.0,0.0,0.0,0.0,0.0,0.0,0.0,0.0,0.0,0.0,0.0,0.0,0.0,0.0,0.0,0.0,0.0,0.0,0.0,0.0,0.0,0.0,0.0,0.0,0.0,0.0,0.0,0.0,0.0,0.0,0.0,0.0,0.0,0.0,0.0,0.0,0.0,0.0,0.0,0.0,0.0,0.0,0.0,0.0,0.0,0.0,0.0,0.0,0.0,0.0,0.0,0.0,0.0,0.0,0.0,0.0,0.0,0.0,0.0,0.0,0.0,0.0,0.0,0.0,0.0,0.0,0.0,0.0,0.0,0.0,0.0,0.0,0.0,0.0,0.0,0.0,0.0,0.0,0.0,0.0,0.0,0.0,0.0,0.0,0.0,0.0,0.0,0.0,0.0,0.0,0.0,0.0,0.0,0.0,0.0,0.0,0.0,0.0,0.0,0.0,0.0,0.0,0.0,0.0,0.0,0.0,0.0,0.0,0.0,0.0,0.0,0.0,0.0,0.0,0.0,0.0,0.0,0.0,0.0,0.0,0.0,0.0,0.0,0.0,0.0,0.0,0.0,0.0,0.0,0.0,0.0,0.0,0.0,0.0,0.0,0.0,0.0,0.0,0.0,0.0,0.0,0.0,0.0,0.0,0.0,0.0,0.0,0.0,0.0,0.0,0.0,0.0,0.0,0.0,0.0,0.0,0.0,0.0,0.0,0.0,0.0,0.0,0.0,0.0,0.0,0.0,0.0,0.0,0.0,0.0,0.0,0.0,0.0,0.0,0.0,0.0,0.0,0.0,0.0,0.0,0.0,0.0,0.0,0.0,0.0,0.0,0.0,0.0,0.0,0.0,0.0,0.0,0.0,0.0,0.0,0.0,0.0,0.0,0.0,0.0,0.0,0.0,0.0,0.0,0.0,0.0,0.0,0.0,0.0,0.0,0.0,0.0,0.0,0.0,0.0,0.0,0.0,0.0,0.0,0.0,0.0,0.0,0.0,0.0,0.0,0.0,0.0,0.0,0.0,0.0,0.0,0.0,0.0,0.0,0.0,0.0,0.0,0.0,0.0,0.0,0.0,0.0,0.0,0.0,0.0,0.0,0.0,0.0,0.0,0.0,0.0,0.0,0.0,0.0,0.0,0.0,0.0,0.0,0.0,0.0,0.0,0.0,0.0,0.0,0.0,0.0,0.0,0.0,0.0,0.0,0.0,0.0,0.0,0.0,0.0,0.0,0.0,0.0,0.0,0.0,0.0,0.0,0.0,0.0,0.0,0.0,,,,,,,6.3,0.0
,,,,,,,,,,,,,,,,,,,,,,,,,,,,,,0.0,0.0,0.0,0.0,0.0,0.0,0.0,0.0,0.0,0.0,0.0,0.0,0.0,0.0,0.0,0.0,0.0,0.0,0.0,0.0,0.0,0.0,0.0,0.0,0.0,0.0,0.0,0.0,0.0,0.0,0.0,0.0,0.0,0.0,0.0,0.0,0.0,0.0,0.0,0.0,0.0,0.0,0.0,0.0,0.0,0.0,0.0,0.0,0.0,0.0,0.0,0.0,0.0,0.0,0.0,0.0,0.0,0.0,0.0,0.0,0.0,0.0,0.0,0.0,0.0,0.0,0.0,0.0,0.0,0.0,0.0,0.0,0.0,0.0,0.0,0.0,0.0,0.0,0.0,0.0,0.0,0.0,0.0,0.0,0.0,0.0,0.0,0.0,0.0,0.0,0.0,0.0,0.0,0.0,0.0,0.0,0.0,0.0,0.0,0.0,0.0,0.0,0.0,0.0,0.0,0.0,0.0,0.0,0.0,0.0,0.0,0.0,0.0,0.0,0.0,0.0,0.0,0.0,0.0,0.0,0.0,0.0,0.0,0.0,0.0,0.0,0.0,0.0,0.0,0.0,0.0,0.0,0.0,0.0,0.0,0.0,0.0,0.0,0.0,0.0,0.0,0.0,0.0,0.0,0.0,0.0,0.0,0.0,0.0,0.0,0.0,0.0,0.0,0.0,0.0,0.0,0.0,0.0,0.0,0.0,0.0,0.0,0.0,0.0,0.0,0.0,0.0,0.0,0.0,0.0,0.0,0.0,0.0,0.0,0.0,0.0,0.0,0.0,0.0,0.0,0.0,0.0,0.0,0.0,0.0,0.0,0.0,0.0,0.0,0.0,0.0,0.0,0.0,0.0,0.0,0.0,0.0,0.0,0.0,0.0,0.0,0.0,0.0,0.0,0.0,0.0,0.0,0.0,0.0,0.0,0.0,0.0,0.0,0.0,0.0,0.0,0.0,0.0,0.0,0.0,0.0,0.0,0.0,0.0,0.0,0.0,0.0,0.0,0.0,0.0,0.0,0.0,0.0,0.0,0.0,0.0,0.0,0.0,0.0,0.0,0.0,0.0,0.0,0.0,0.0,0.0,0.0,0.0,0.0,0.0,0.0,0.0,0.0,0.0,0.0,0.0,0.0,0.0,0.0,0.0,0.0,0.0,0.0,0.0,0.0,0.0,0.0,0.0,0.0,0.0,0.0,0.0,0.0,0.0,0.0,0.0,0.0,0.0,0.0,0.0,0.0,0.0,0.0,0.0,0.0,0.0,0.0,0.0,0.0,0.0,0.0,0.0,0.0,0.0,0.0,0.0,0.0,0.0,0.0,0.0,0.0,0.0,0.0,0.0,0.0,0.0,0.0,0.0,0.0,0.0,0.0,0.0,0.0,0.0,0.0,0.0,0.0,0.0,0.0,0.0,0.0,0.0,0.0,0.0,0.0,0.0,0.0,0.0,0.0,0.0,0.0,0.0,0.0,0.0,0.0,0.0,0.0,0.0,0.0,0.0,0.0,0.0,0.0,0.0,0.0,0.0,0.0,0.0,0.0,0.0,0.0,0.0,0.0,0.0,0.0,0.0,0.0,0.0,0.0,0.0,0.0,0.0,0.0,0.0,0.0,0.0,0.0,0.0,0.0,0.0,0.0,0.0,0.0,0.0,0.0,0.0,0.0,0.0,0.0,0.0,0.0,0.0,0.0,0.0,0.0,0.0,0.0,0.0,0.0,0.0,0.0,0.0,0.0,0.0,0.0,0.0,0.0,0.0,0.0,0.0,0.0,0.0,0.0,0.0,0.0,0.0,0.0,0.0,0.0,0.0,0.0,0.0,0.0,0.0,0.0,0.0,0.0,0.0,0.0,0.0,0.0,0.0,0.0,0.0,0.0,0.0,0.0,0.0,0.0,0.0,0.0,0.0,0.0,0.0,0.0,0.0,0.0,0.0,0.0,0.0,0.0,0.0,0.0,0.0,0.0,0.0,0.0,0.0,0.0,0.0,0.0,0.0,0.0,0.0,0.0,0.0,0.0,0.0,0.0,0.0,0.0,0.0,0.0,0.0,0.0,0.0,0.0,0.0,0.0,0.0,0.0,0.0,0.0,0.0,0.0,0.0,0.0,0.0,0.0,0.0,0.0,0.0,0.0,0.0,0.0,0.0,0.0,0.0,0.0,0.0,0.0,0.0,0.0,0.0,0.0,0.0,0.0,0.0,0.0,0.0,,,,,,,5.5,0.0
,,,,,,,,,,,,,,,,,,,,,,,,,,,,,,0.0,0.0,0.0,0.0,0.0,0.0,0.0,0.0,0.0,0.0,0.0,0.0,0.0,0.0,0.0,0.0,0.0,0.0,0.0,0.0,0.0,0.0,0.0,0.0,0.0,0.0,0.0,0.0,0.0,0.0,0.0,0.0,0.0,0.0,0.0,0.0,0.0,0.0,0.0,0.0,0.0,0.0,0.0,0.0,0.0,0.0,0.0,0.0,0.0,0.0,0.0,0.0,0.0,0.0,0.0,0.0,0.0,0.0,0.0,0.0,0.0,0.0,0.0,0.0,0.0,0.0,0.0,0.0,0.0,0.0,0.0,0.0,0.0,0.0,0.0,0.0,0.0,0.0,0.0,0.0,0.0,0.0,0.0,0.0,0.0,0.0,0.0,0.0,0.0,0.0,0.0,0.0,0.0,0.0,0.0,0.0,0.0,0.0,0.0,0.0,0.0,0.0,0.0,0.0,0.0,0.0,0.0,0.0,0.0,0.0,0.0,0.0,0.0,0.0,0.0,0.0,0.0,0.0,0.0,0.0,0.0,0.0,0.0,0.0,0.0,0.0,0.0,0.0,0.0,0.0,0.0,0.0,0.0,0.0,0.0,0.0,0.0,0.0,0.0,0.0,0.0,0.0,0.0,0.0,0.0,0.0,0.0,0.0,0.0,0.0,0.0,0.0,0.0,0.0,0.0,0.0,0.0,0.0,0.0,0.0,0.0,0.0,0.0,0.0,0.0,0.0,0.0,0.0,0.0,0.0,0.0,0.0,0.0,0.0,0.0,0.0,0.0,0.0,0.0,0.0,0.0,0.0,0.0,0.0,0.0,0.0,0.0,0.0,0.0,0.0,0.0,0.0,0.0,0.0,0.0,0.0,0.0,0.0,0.0,0.0,0.0,0.0,0.0,0.0,0.0,0.0,0.0,0.0,0.0,0.0,0.0,0.0,0.0,0.0,0.0,0.0,0.0,0.0,0.0,0.0,0.0,0.0,0.0,0.0,0.0,0.0,0.0,0.0,0.0,0.0,0.0,0.0,0.0,0.0,0.0,0.0,0.0,0.0,0.0,0.0,0.0,0.0,0.0,0.0,0.0,0.0,0.0,0.0,0.0,0.0,0.0,0.0,0.0,0.0,0.0,0.0,0.0,0.0,0.0,0.0,0.0,0.0,0.0,0.0,0.0,0.0,0.0,0.0,0.0,0.0,0.0,0.0,0.0,0.0,0.0,0.0,0.0,0.0,0.0,0.0,0.0,0.0,0.0,0.0,0.0,0.0,0.0,0.0,0.0,0.0,0.0,0.0,0.0,0.0,0.0,0.0,0.0,0.0,0.0,0.0,0.0,0.0,0.0,0.0,0.0,0.0,0.0,0.0,0.0,0.0,0.0,0.0,0.0,0.0,0.0,0.0,0.0,0.0,0.0,0.0,0.0,0.0,0.0,0.0,0.0,0.0,0.0,0.0,0.0,0.0,0.0,0.0,0.0,0.0,0.0,0.0,0.0,0.0,0.0,0.0,0.0,0.0,0.0,0.0,0.0,0.0,0.0,0.0,0.0,0.0,0.0,0.0,0.0,0.0,0.0,0.0,0.0,0.0,0.0,0.0,0.0,0.0,0.0,0.0,0.0,0.0,0.0,0.0,0.0,0.0,0.0,0.0,0.0,0.0,0.0,0.0,0.0,0.0,0.0,0.0,0.0,0.0,0.0,0.0,0.0,0.0,0.0,0.0,0.0,0.0,0.0,0.0,0.0,0.0,0.0,0.0,0.0,0.0,0.0,0.0,0.0,0.0,0.0,0.0,0.0,0.0,0.0,0.0,0.0,0.0,0.0,0.0,0.0,0.0,0.0,0.0,0.0,0.0,0.0,0.0,0.0,0.0,0.0,0.0,0.0,0.0,0.0,0.0,0.0,0.0,0.0,0.0,0.0,0.0,0.0,0.0,0.0,0.0,0.0,0.0,0.0,0.0,0.0,0.0,0.0,0.0,0.0,0.0,0.0,0.0,0.0,0.0,0.0,0.0,0.0,0.0,0.0,0.0,0.0,0.0,0.0,0.0,0.0,0.0,0.0,0.0,0.0,0.0,0.0,0.0,0.0,0.0,0.0,0.0,0.0,0.0,0.0,0.0,0.0,0.0,0.0,0.0,0.0,0.0,0.0,0.0,0.0,0.0,0.0,0.0,0.0,0.0,0.0,0.0,0.0,0.0,0.0,0.0,0.0,0.0,,,,,,,4.5,0.0
,,,,,,,,,,,,,,,,,,,,,,,,,,,,,,,,,,,,,,,,,,,,,,,,,,,,,,,,,,,,,,,,,,,,,,,,,,,,,,,,,,,,,,,,,,,,,,,,,,,,,,,,,,,,,,,,,,,,,,,,,,,,,,,,,,,,,,,,,,,,,,,,,,,,,,,,,,,,,,,,,,,,,,,,,,,,,,,,,,,,,,,,,,,,,,,,,,,,,,,,,,,,,,,,,,,,,,,,,,,,,,,,,,,,,,,,,,,,,,,,,,,,,,,,,,,,,,,,,,,,,,,,,,,,,,,,,,,,,,,,,,,,,,,,,,,,,,,,,,,,,,,,,,,,,,,,,,,,,,,,,,,,,,,,,,,,,,,,,,,,,,,,,,,,,,,,,,,,,,,,,,,,,,,,,,,,,,,,,,,,,,,,,,,,,,,,,,,,,,,,,,,,,,,,,,,,,,,,,,,,,,,,,,,,,,,,,,,,,,,,,,,,,,,,,,,,,,,,,,,,,,,,,,,,,,,,,,,,,,,,,,,,,,,,,,,,,,,,,,,,,,,,,,,,,,,,,,,,,,,,,,,,,,,,,,,,,,,,,0.0
,,,,,,,,,,,,,,,,,,,,,,,,,,,,,,,,,,,,,,,,,,,,,,,,,,,,,,,,,,,,,,,,,,,,,,,,,,,,,,,,,,,,,,,,,,,,,,,,,,,,,,,,,,,,,,,,,,,,,,,,,,,,,,,,,,,,,,,,,,,,,,,,,,,,,,,,,,,,,,,,,,,,,,,,,,,,,,,,,,,,,,,,,,,,,,,,,,,,,,,,,,,,,,,,,,,,,,,,,,,,,,,,,,,,,,,,,,,,,,,,,,,,,,,,,,,,,,,,,,,,,,,,,,,,,,,,,,,,,,,,,,,,,,,,,,,,,,,,,,,,,,,,,,,,,,,,,,,,,,,,,,,,,,,,,,,,,,,,,,,,,,,,,,,,,,,,,,,,,,,,,,,,,,,,,,,,,,,,,,,,,,,,,,,,,,,,,,,,,,,,,,,,,,,,,,,,,,,,,,,,,,,,,,,,,,,,,,,,,,,,,,,,,,,,,,,,,,,,,,,,,,,,,,,,,,,,,,,,,,,,,,,,,,,,,,,,,,,,,,,,,,,,,,,,,,,,,,,,,,,,,,,,,,,,,,,,,,,,,0.0
,,,,,,,,,,,,,,,,,,,,,,,,,,,,,,,,,,,,,,,,,,,,,,,,,,,,,,,,,,,,,,,,,,,,,,,,,,,,,,,,,,,,,,,,,,,,,,,,,,,,,,,,,,,,,,,,,,,,,,,,,,,,,,,,,,,,,,,,,,,,,,,,,,,,,,,,,,,,,,,,,,,,,,,,,,,,,,,,,,,,,,,,,,,,,,,,,,,,,,,,,,,,,,,,,,,,,,,,,,,,,,,,,,,,,,,,,,,,,,,,,,,,,,,,,,,,,,,,,,,,,,,,,,,,,,,,,,,,,,,,,,,,,,,,,,,,,,,,,,,,,,,,,,,,,,,,,,,,,,,,,,,,,,,,,,,,,,,,,,,,,,,,,,,,,,,,,,,,,,,,,,,,,,,,,,,,,,,,,,,,,,,,,,,,,,,,,,,,,,,,,,,,,,,,,,,,,,,,,,,,,,,,,,,,,,,,,,,,,,,,,,,,,,,,,,,,,,,,,,,,,,,,,,,,,,,,,,,,,,,,,,,,,,,,,,,,,,,,,,,,,,,,,,,,,,,,,,,,,,,,,,,,,,,,,,,,,,,,,0.0
,,,,,,,,,,,,,,,,,,,,,,,,,,,,,,,,,,,,,,,,,,,,,,,,,,,,,,,,,,,,,,,,,,,,,,,,,,,,,,,,,,,,,,,,,,,,,,,,,,,,,,,,,,,,,,,,,,,,,,,,,,,,,,,,,,,,,,,,,,,,,,,,,,,,,,,,,,,,,,,,,,,,,,,,,,,,,,,,,,,,,,,,,,,,,,,,,,,,,,,,,,,,,,,,,,,,,,,,,,,,,,,,,,,,,,,,,,,,,,,,,,,,,,,,,,,,,,,,,,,,,,,,,,,,,,,,,,,,,,,,,,,,,,,,,,,,,,,,,,,,,,,,,,,,,,,,,,,,,,,,,,,,,,,,,,,,,,,,,,,,,,,,,,,,,,,,,,,,,,,,,,,,,,,,,,,,,,,,,,,,,,,,,,,,,,,,,,,,,,,,,,,,,,,,,,,,,,,,,,,,,,,,,,,,,,,,,,,,,,,,,,,,,,,,,,,,,,,,,,,,,,,,,,,,,,,,,,,,,,,,,,,,,,,,,,,,,,,,,,,,,,,,,,,,,,,,,,,,,,,,,,,,,,,,,,,,,,,,,0.0
,,,,,,,,,,,,,,,,,,,,,,,,,,,,,,,,,,,,,,,,,,,,,,,,,,,,,,,,,,,,,,,,,,,,,,,,,,,,,,,,,,,,,,,,,,,,,,,,,,,,,,,,,,,,,,,,,,,,,,,,,,,,,,,,,,,,,,,,,,,,,,,,,,,,,,,,,,,,,,,,,,,,,,,,,,,,,,,,,,,,,,,,,,,,,,,,,,,,,,,,,,,,,,,,,,,,,,,,,,,,,,,,,,,,,,,,,,,,,,,,,,,,,,,,,,,,,,,,,,,,,,,,,,,,,,,,,,,,,,,,,,,,,,,,,,,,,,,,,,,,,,,,,,,,,,,,,,,,,,,,,,,,,,,,,,,,,,,,,,,,,,,,,,,,,,,,,,,,,,,,,,,,,,,,,,,,,,,,,,,,,,,,,,,,,,,,,,,,,,,,,,,,,,,,,,,,,,,,,,,,,,,,,,,,,,,,,,,,,,,,,,,,,,,,,,,,,,,,,,,,,,,,,,,,,,,,,,,,,,,,,,,,,,,,,,,,,,,,,,,,,,,,,,,,,,,,,,,,,,,,,,,,,,,,,,,,,,,,,0.0
,,,,,,,,,,,,,,,,,,,,,,,,,,,,,,,,,,,,,,,,,,,,,,,,,,,,,,,,,,,,,,,,,,,,,,,,,,,,,,,,,,,,,,,,,,,,,,,,,,,,,,,,,,,,,,,,,,,,,,,,,,,,,,,,,,,,,,,,,,,,,,,,,,,,,,,,,,,,,,,,,,,,,,,,,,,,,,,,,,,,,,,,,,,,,,,,,,,,,,,,,,,,,,,,,,,,,,,,,,,,,,,,,,,,,,,,,,,,,,,,,,,,,,,,,,,,,,,,,,,,,,,,,,,,,,,,,,,,,,,,,,,,,,,,,,,,,,,,,,,,,,,,,,,,,,,,,,,,,,,,,,,,,,,,,,,,,,,,,,,,,,,,,,,,,,,,,,,,,,,,,,,,,,,,,,,,,,,,,,,,,,,,,,,,,,,,,,,,,,,,,,,,,,,,,,,,,,,,,,,,,,,,,,,,,,,,,,,,,,,,,,,,,,,,,,,,,,,,,,,,,,,,,,,,,,,,,,,,,,,,,,,,,,,,,,,,,,,,,,,,,,,,,,,,,,,,,,,,,,,,,,,,,,,,,,,,,,,,,0.0
,,,,,,,,,,,,,,,,,,,,,,,,,,,,,,,,,,,,,,,,,,,,,,,,,,,,,,,,,,,,,,,,,,,,,,,,,,,,,,,,,,,,,,,,,,,,,,,,,,,,,,,,,,,,,,,,,,,,,,,,,,,,,,,,,,,,,,,,,,,,,,,,,,,,,,,,,,,,,,,,,,,,,,,,,,,,,,,,,,,,,,,,,,,,,,,,,,,,,,,,,,,,,,,,,,,,,,,,,,,,,,,,,,,,,,,,,,,,,,,,,,,,,,,,,,,,,,,,,,,,,,,,,,,,,,,,,,,,,,,,,,,,,,,,,,,,,,,,,,,,,,,,,,,,,,,,,,,,,,,,,,,,,,,,,,,,,,,,,,,,,,,,,,,,,,,,,,,,,,,,,,,,,,,,,,,,,,,,,,,,,,,,,,,,,,,,,,,,,,,,,,,,,,,,,,,,,,,,,,,,,,,,,,,,,,,,,,,,,,,,,,,,,,,,,,,,,,,,,,,,,,,,,,,,,,,,,,,,,,,,,,,,,,,,,,,,,,,,,,,,,,,,,,,,,,,,,,,,,,,,,,,,,,,,,,,,,,,,,0.0
,,,,,,,,,,,,,,,,,,,,,,,,,,,,,,,,,,,,,,,,,,,,,,,,,,,,,,,,,,,,,,,,,,,,,,,,,,,,,,,,,,,,,,,,,,,,,,,,,,,,,,,,,,,,,,,,,,,,,,,,,,,,,,,,,,,,,,,,,,,,,,,,,,,,,,,,,,,,,,,,,,,,,,,,,,,,,,,,,,,,,,,,,,,,,,,,,,,,,,,,,,,,,,,,,,,,,,,,,,,,,,,,,,,,,,,,,,,,,,,,,,,,,,,,,,,,,,,,,,,,,,,,,,,,,,,,,,,,,,,,,,,,,,,,,,,,,,,,,,,,,,,,,,,,,,,,,,,,,,,,,,,,,,,,,,,,,,,,,,,,,,,,,,,,,,,,,,,,,,,,,,,,,,,,,,,,,,,,,,,,,,,,,,,,,,,,,,,,,,,,,,,,,,,,,,,,,,,,,,,,,,,,,,,,,,,,,,,,,,,,,,,,,,,,,,,,,,,,,,,,,,,,,,,,,,,,,,,,,,,,,,,,,,,,,,,,,,,,,,,,,,,,,,,,,,,,,,,,,,,,,,,,,,,,,,,,,,,,,0.0
,,,,,,,,,,,,,,,,,,,,,,,,,,,,,,,,,,,,,,,,,,,,,,,,,,,,,,,,,,,,,,,,,,,,,,,,,,,,,,,,,,,,,,,,,,,,,,,,,,,,,,,,,,,,,,,,,,,,,,,,,,,,,,,,,,,,,,,,,,,,,,,,,,,,,,,,,,,,,,,,,,,,,,,,,,,,,,,,,,,,,,,,,,,,,,,,,,,,,,,,,,,,,,,,,,,,,,,,,,,,,,,,,,,,,,,,,,,,,,,,,,,,,,,,,,,,,,,,,,,,,,,,,,,,,,,,,,,,,,,,,,,,,,,,,,,,,,,,,,,,,,,,,,,,,,,,,,,,,,,,,,,,,,,,,,,,,,,,,,,,,,,,,,,,,,,,,,,,,,,,,,,,,,,,,,,,,,,,,,,,,,,,,,,,,,,,,,,,,,,,,,,,,,,,,,,,,,,,,,,,,,,,,,,,,,,,,,,,,,,,,,,,,,,,,,,,,,,,,,,,,,,,,,,,,,,,,,,,,,,,,,,,,,,,,,,,,,,,,,,,,,,,,,,,,,,,,,,,,,,,,,,,,,,,,,,,,,,,,0.0
,,,,,,,,,,,,,,,,,,,,,,,,,,,,,,,,,,,,,,,,,,,,,,,,,,,,,,,,,,,,,,,,,,,,,,,,,,,,,,,,,,,,,,,,,,,,,,,,,,,,,,,,,,,,,,,,,,,,,,,,,,,,,,,,,,,,,,,,,,,,,,,,,,,,,,,,,,,,,,,,,,,,,,,,,,,,,,,,,,,,,,,,,,,,,,,,,,,,,,,,,,,,,,,,,,,,,,,,,,,,,,,,,,,,,,,,,,,,,,,,,,,,,,,,,,,,,,,,,,,,,,,,,,,,,,,,,,,,,,,,,,,,,,,,,,,,,,,,,,,,,,,,,,,,,,,,,,,,,,,,,,,,,,,,,,,,,,,,,,,,,,,,,,,,,,,,,,,,,,,,,,,,,,,,,,,,,,,,,,,,,,,,,,,,,,,,,,,,,,,,,,,,,,,,,,,,,,,,,,,,,,,,,,,,,,,,,,,,,,,,,,,,,,,,,,,,,,,,,,,,,,,,,,,,,,,,,,,,,,,,,,,,,,,,,,,,,,,,,,,,,,,,,,,,,,,,,,,,,,,,,,,,,,,,,,,,,,,,,0.0
,,,,,,,,,,,,,,,,,,,,,,,,,,,,,,,,,,,,,,,,,,,,,,,,,,,,,,,,,,,,,,,,,,,,,,,,,,,,,,,,,,,,,,,,,,,,,,,,,,,,,,,,,,,,,,,,,,,,,,,,,,,,,,,,,,,,,,,,,,,,,,,,,,,,,,,,,,,,,,,,,,,,,,,,,,,,,,,,,,,,,,,,,,,,,,,,,,,,,,,,,,,,,,,,,,,,,,,,,,,,,,,,,,,,,,,,,,,,,,,,,,,,,,,,,,,,,,,,,,,,,,,,,,,,,,,,,,,,,,,,,,,,,,,,,,,,,,,,,,,,,,,,,,,,,,,,,,,,,,,,,,,,,,,,,,,,,,,,,,,,,,,,,,,,,,,,,,,,,,,,,,,,,,,,,,,,,,,,,,,,,,,,,,,,,,,,,,,,,,,,,,,,,,,,,,,,,,,,,,,,,,,,,,,,,,,,,,,,,,,,,,,,,,,,,,,,,,,,,,,,,,,,,,,,,,,,,,,,,,,,,,,,,,,,,,,,,,,,,,,,,,,,,,,,,,,,,,,,,,,,,,,,,,,,,,,,,,,,,0.0
,,,,,,,,,,,,,,,,,,,,,,,,,,,,,,,,,,,,,,,,,,,,,,,,,,,,,,,,,,,,,,,,,,,,,,,,,,,,,,,,,,,,,,,,,,,,,,,,,,,,,,,,,,,,,,,,,,,,,,,,,,,,,,,,,,,,,,,,,,,,,,,,,,,,,,,,,,,,,,,,,,,,,,,,,,,,,,,,,,,,,,,,,,,,,,,,,,,,,,,,,,,,,,,,,,,,,,,,,,,,,,,,,,,,,,,,,,,,,,,,,,,,,,,,,,,,,,,,,,,,,,,,,,,,,,,,,,,,,,,,,,,,,,,,,,,,,,,,,,,,,,,,,,,,,,,,,,,,,,,,,,,,,,,,,,,,,,,,,,,,,,,,,,,,,,,,,,,,,,,,,,,,,,,,,,,,,,,,,,,,,,,,,,,,,,,,,,,,,,,,,,,,,,,,,,,,,,,,,,,,,,,,,,,,,,,,,,,,,,,,,,,,,,,,,,,,,,,,,,,,,,,,,,,,,,,,,,,,,,,,,,,,,,,,,,,,,,,,,,,,,,,,,,,,,,,,,,,,,,,,,,,,,,,,,,,,,,,,,0.0
,,,,,,,,,,,,,,,,,,,,,,,,,,,,,,,,,,,,,,,,,,,,,,,,,,,,,,,,,,,,,,,,,,,,,,,,,,,,,,,,,,,,,,,,,,,,,,,,,,,,,,,,,,,,,,,,,,,,,,,,,,,,,,,,,,,,,,,,,,,,,,,,,,,,,,,,,,,,,,,,,,,,,,,,,,,,,,,,,,,,,,,,,,,,,,,,,,,,,,,,,,,,,,,,,,,,,,,,,,,,,,,,,,,,,,,,,,,,,,,,,,,,,,,,,,,,,,,,,,,,,,,,,,,,,,,,,,,,,,,,,,,,,,,,,,,,,,,,,,,,,,,,,,,,,,,,,,,,,,,,,,,,,,,,,,,,,,,,,,,,,,,,,,,,,,,,,,,,,,,,,,,,,,,,,,,,,,,,,,,,,,,,,,,,,,,,,,,,,,,,,,,,,,,,,,,,,,,,,,,,,,,,,,,,,,,,,,,,,,,,,,,,,,,,,,,,,,,,,,,,,,,,,,,,,,,,,,,,,,,,,,,,,,,,,,,,,,,,,,,,,,,,,,,,,,,,,,,,,,,,,,,,,,,,,,,,,,,,,0.0
,,,,,,,,,,,,,,,,,,,,,,,,,,,,,,,,,,,,,,,,,,,,,,,,,,,,,,,,,,,,,,,,,,,,,,,,,,,,,,,,,,,,,,,,,,,,,,,,,,,,,,,,,,,,,,,,,,,,,,,,,,,,,,,,,,,,,,,,,,,,,,,,,,,,,,,,,,,,,,,,,,,,,,,,,,,,,,,,,,,,,,,,,,,,,,,,,,,,,,,,,,,,,,,,,,,,,,,,,,,,,,,,,,,,,,,,,,,,,,,,,,,,,,,,,,,,,,,,,,,,,,,,,,,,,,,,,,,,,,,,,,,,,,,,,,,,,,,,,,,,,,,,,,,,,,,,,,,,,,,,,,,,,,,,,,,,,,,,,,,,,,,,,,,,,,,,,,,,,,,,,,,,,,,,,,,,,,,,,,,,,,,,,,,,,,,,,,,,,,,,,,,,,,,,,,,,,,,,,,,,,,,,,,,,,,,,,,,,,,,,,,,,,,,,,,,,,,,,,,,,,,,,,,,,,,,,,,,,,,,,,,,,,,,,,,,,,,,,,,,,,,,,,,,,,,,,,,,,,,,,,,,,,,,,,,,,,,,,,0.0
,,,,,,,,,,,,,,,,,,,,,,,,,,,,,,,,,,,,,,,,,,,,,,,,,,,,,,,,,,,,,,,,,,,,,,,,,,,,,,,,,,,,,,,,,,,,,,,,,,,,,,,,,,,,,,,,,,,,,,,,,,,,,,,,,,,,,,,,,,,,,,,,,,,,,,,,,,,,,,,,,,,,,,,,,,,,,,,,,,,,,,,,,,,,,,,,,,,,,,,,,,,,,,,,,,,,,,,,,,,,,,,,,,,,,,,,,,,,,,,,,,,,,,,,,,,,,,,,,,,,,,,,,,,,,,,,,,,,,,,,,,,,,,,,,,,,,,,,,,,,,,,,,,,,,,,,,,,,,,,,,,,,,,,,,,,,,,,,,,,,,,,,,,,,,,,,,,,,,,,,,,,,,,,,,,,,,,,,,,,,,,,,,,,,,,,,,,,,,,,,,,,,,,,,,,,,,,,,,,,,,,,,,,,,,,,,,,,,,,,,,,,,,,,,,,,,,,,,,,,,,,,,,,,,,,,,,,,,,,,,,,,,,,,,,,,,,,,,,,,,,,,,,,,,,,,,,,,,,,,,,,,,,,,,,,,,,,,,,0.0
,,,,,,,,,,,,,,,,,,,,,,,,,,,,,,,,,,,,,,,,,,,,,,,,,,,,,,,,,,,,,,,,,,,,,,,,,,,,,,,,,,,,,,,,,,,,,,,,,,,,,,,,,,,,,,,,,,,,,,,,,,,,,,,,,,,,,,,,,,,,,,,,,,,,,,,,,,,,,,,,,,,,,,,,,,,,,,,,,,,,,,,,,,,,,,,,,,,,,,,,,,,,,,,,,,,,,,,,,,,,,,,,,,,,,,,,,,,,,,,,,,,,,,,,,,,,,,,,,,,,,,,,,,,,,,,,,,,,,,,,,,,,,,,,,,,,,,,,,,,,,,,,,,,,,,,,,,,,,,,,,,,,,,,,,,,,,,,,,,,,,,,,,,,,,,,,,,,,,,,,,,,,,,,,,,,,,,,,,,,,,,,,,,,,,,,,,,,,,,,,,,,,,,,,,,,,,,,,,,,,,,,,,,,,,,,,,,,,,,,,,,,,,,,,,,,,,,,,,,,,,,,,,,,,,,,,,,,,,,,,,,,,,,,,,,,,,,,,,,,,,,,,,,,,,,,,,,,,,,,,,,,,,,,,,,,,,,,,,0.0
,,,,,,,,,,,,,,,,,,,,,,,,,,,,,,,,,,,,,,,,,,,,,,,,,,,,,,,,,,,,,,,,,,,,,,,,,,,,,,,,,,,,,,,,,,,,,,,,,,,,,,,,,,,,,,,,,,,,,,,,,,,,,,,,,,,,,,,,,,,,,,,,,,,,,,,,,,,,,,,,,,,,,,,,,,,,,,,,,,,,,,,,,,,,,,,,,,,,,,,,,,,,,,,,,,,,,,,,,,,,,,,,,,,,,,,,,,,,,,,,,,,,,,,,,,,,,,,,,,,,,,,,,,,,,,,,,,,,,,,,,,,,,,,,,,,,,,,,,,,,,,,,,,,,,,,,,,,,,,,,,,,,,,,,,,,,,,,,,,,,,,,,,,,,,,,,,,,,,,,,,,,,,,,,,,,,,,,,,,,,,,,,,,,,,,,,,,,,,,,,,,,,,,,,,,,,,,,,,,,,,,,,,,,,,,,,,,,,,,,,,,,,,,,,,,,,,,,,,,,,,,,,,,,,,,,,,,,,,,,,,,,,,,,,,,,,,,,,,,,,,,,,,,,,,,,,,,,,,,,,,,,,,,,,,,,,,,,,,0.0
,,,,,,,,,,,,,,,,,,,,,,,,,,,,,,,,,,,,,,,,,,,,,,,,,,,,,,,,,,,,,,,,,,,,,,,,,,,,,,,,,,,,,,,,,,,,,,,,,,,,,,,,,,,,,,,,,,,,,,,,,,,,,,,,,,,,,,,,,,,,,,,,,,,,,,,,,,,,,,,,,,,,,,,,,,,,,,,,,,,,,,,,,,,,,,,,,,,,,,,,,,,,,,,,,,,,,,,,,,,,,,,,,,,,,,,,,,,,,,,,,,,,,,,,,,,,,,,,,,,,,,,,,,,,,,,,,,,,,,,,,,,,,,,,,,,,,,,,,,,,,,,,,,,,,,,,,,,,,,,,,,,,,,,,,,,,,,,,,,,,,,,,,,,,,,,,,,,,,,,,,,,,,,,,,,,,,,,,,,,,,,,,,,,,,,,,,,,,,,,,,,,,,,,,,,,,,,,,,,,,,,,,,,,,,,,,,,,,,,,,,,,,,,,,,,,,,,,,,,,,,,,,,,,,,,,,,,,,,,,,,,,,,,,,,,,,,,,,,,,,,,,,,,,,,,,,,,,,,,,,,,,,,,,,,,,,,,,,,0.0
,,,,,,,,,,,,,,,,,,,,,,,,,,,,,,,,,,,,,,,,,,,,,,,,,,,,,,,,,,,,,,,,,,,,,,,,,,,,,,,,,,,,,,,,,,,,,,,,,,,,,,,,,,,,,,,,,,,,,,,,,,,,,,,,,,,,,,,,,,,,,,,,,,,,,,,,,,,,,,,,,,,,,,,,,,,,,,,,,,,,,,,,,,,,,,,,,,,,,,,,,,,,,,,,,,,,,,,,,,,,,,,,,,,,,,,,,,,,,,,,,,,,,,,,,,,,,,,,,,,,,,,,,,,,,,,,,,,,,,,,,,,,,,,,,,,,,,,,,,,,,,,,,,,,,,,,,,,,,,,,,,,,,,,,,,,,,,,,,,,,,,,,,,,,,,,,,,,,,,,,,,,,,,,,,,,,,,,,,,,,,,,,,,,,,,,,,,,,,,,,,,,,,,,,,,,,,,,,,,,,,,,,,,,,,,,,,,,,,,,,,,,,,,,,,,,,,,,,,,,,,,,,,,,,,,,,,,,,,,,,,,,,,,,,,,,,,,,,,,,,,,,,,,,,,,,,,,,,,,,,,,,,,,,,,,,,,,,,,0.0
,,,,,,,,,,,,,,,,,,,,,,,,,,,,,,,,,,,,,,,,,,,,,,,,,,,,,,,,,,,,,,,,,,,,,,,,,,,,,,,,,,,,,,,,,,,,,,,,,,,,,,,,,,,,,,,,,,,,,,,,,,,,,,,,,,,,,,,,,,,,,,,,,,,,,,,,,,,,,,,,,,,,,,,,,,,,,,,,,,,,,,,,,,,,,,,,,,,,,,,,,,,,,,,,,,,,,,,,,,,,,,,,,,,,,,,,,,,,,,,,,,,,,,,,,,,,,,,,,,,,,,,,,,,,,,,,,,,,,,,,,,,,,,,,,,,,,,,,,,,,,,,,,,,,,,,,,,,,,,,,,,,,,,,,,,,,,,,,,,,,,,,,,,,,,,,,,,,,,,,,,,,,,,,,,,,,,,,,,,,,,,,,,,,,,,,,,,,,,,,,,,,,,,,,,,,,,,,,,,,,,,,,,,,,,,,,,,,,,,,,,,,,,,,,,,,,,,,,,,,,,,,,,,,,,,,,,,,,,,,,,,,,,,,,,,,,,,,,,,,,,,,,,,,,,,,,,,,,,,,,,,,,,,,,,,,,,,,,,0.0
,,,,,,,,,,,,,,,,,,,,,,,,,,,,,,,,,,,,,,,,,,,,,,,,,,,,,,,,,,,,,,,,,,,,,,,,,,,,,,,,,,,,,,,,,,,,,,,,,,,,,,,,,,,,,,,,,,,,,,,,,,,,,,,,,,,,,,,,,,,,,,,,,,,,,,,,,,,,,,,,,,,,,,,,,,,,,,,,,,,,,,,,,,,,,,,,,,,,,,,,,,,,,,,,,,,,,,,,,,,,,,,,,,,,,,,,,,,,,,,,,,,,,,,,,,,,,,,,,,,,,,,,,,,,,,,,,,,,,,,,,,,,,,,,,,,,,,,,,,,,,,,,,,,,,,,,,,,,,,,,,,,,,,,,,,,,,,,,,,,,,,,,,,,,,,,,,,,,,,,,,,,,,,,,,,,,,,,,,,,,,,,,,,,,,,,,,,,,,,,,,,,,,,,,,,,,,,,,,,,,,,,,,,,,,,,,,,,,,,,,,,,,,,,,,,,,,,,,,,,,,,,,,,,,,,,,,,,,,,,,,,,,,,,,,,,,,,,,,,,,,,,,,,,,,,,,,,,,,,,,,,,,,,,,,,,,,,,,,0.0
,,,,,,,,,,,,,,,,,,,,,,,,,,,,,,,,,,,,,,,,,,,,,,,,,,,,,,,,,,,,,,,,,,,,,,,,,,,,,,,,,,,,,,,,,,,,,,,,,,,,,,,,,,,,,,,,,,,,,,,,,,,,,,,,,,,,,,,,,,,,,,,,,,,,,,,,,,,,,,,,,,,,,,,,,,,,,,,,,,,,,,,,,,,,,,,,,,,,,,,,,,,,,,,,,,,,,,,,,,,,,,,,,,,,,,,,,,,,,,,,,,,,,,,,,,,,,,,,,,,,,,,,,,,,,,,,,,,,,,,,,,,,,,,,,,,,,,,,,,,,,,,,,,,,,,,,,,,,,,,,,,,,,,,,,,,,,,,,,,,,,,,,,,,,,,,,,,,,,,,,,,,,,,,,,,,,,,,,,,,,,,,,,,,,,,,,,,,,,,,,,,,,,,,,,,,,,,,,,,,,,,,,,,,,,,,,,,,,,,,,,,,,,,,,,,,,,,,,,,,,,,,,,,,,,,,,,,,,,,,,,,,,,,,,,,,,,,,,,,,,,,,,,,,,,,,,,,,,,,,,,,,,,,,,,,,,,,,,,0.0
,,,,,,,,,,,,,,,,,,,,,,,,,,,,,,,,,,,,,,,,,,,,,,,,,,,,,,,,,,,,,,,,,,,,,,,,,,,,,,,,,,,,,,,,,,,,,,,,,,,,,,,,,,,,,,,,,,,,,,,,,,,,,,,,,,,,,,,,,,,,,,,,,,,,,,,,,,,,,,,,,,,,,,,,,,,,,,,,,,,,,,,,,,,,,,,,,,,,,,,,,,,,,,,,,,,,,,,,,,,,,,,,,,,,,,,,,,,,,,,,,,,,,,,,,,,,,,,,,,,,,,,,,,,,,,,,,,,,,,,,,,,,,,,,,,,,,,,,,,,,,,,,,,,,,,,,,,,,,,,,,,,,,,,,,,,,,,,,,,,,,,,,,,,,,,,,,,,,,,,,,,,,,,,,,,,,,,,,,,,,,,,,,,,,,,,,,,,,,,,,,,,,,,,,,,,,,,,,,,,,,,,,,,,,,,,,,,,,,,,,,,,,,,,,,,,,,,,,,,,,,,,,,,,,,,,,,,,,,,,,,,,,,,,,,,,,,,,,,,,,,,,,,,,,,,,,,,,,,,,,,,,,,,,,,,,,,,,,,0.0
,,,,,,,,,,,,,,,,,,,,,,,,,,,,,,,,,,,,,,,,,,,,,,,,,,,,,,,,,,,,,,,,,,,,,,,,,,,,,,,,,,,,,,,,,,,,,,,,,,,,,,,,,,,,,,,,,,,,,,,,,,,,,,,,,,,,,,,,,,,,,,,,,,,,,,,,,,,,,,,,,,,,,,,,,,,,,,,,,,,,,,,,,,,,,,,,,,,,,,,,,,,,,,,,,,,,,,,,,,,,,,,,,,,,,,,,,,,,,,,,,,,,,,,,,,,,,,,,,,,,,,,,,,,,,,,,,,,,,,,,,,,,,,,,,,,,,,,,,,,,,,,,,,,,,,,,,,,,,,,,,,,,,,,,,,,,,,,,,,,,,,,,,,,,,,,,,,,,,,,,,,,,,,,,,,,,,,,,,,,,,,,,,,,,,,,,,,,,,,,,,,,,,,,,,,,,,,,,,,,,,,,,,,,,,,,,,,,,,,,,,,,,,,,,,,,,,,,,,,,,,,,,,,,,,,,,,,,,,,,,,,,,,,,,,,,,,,,,,,,,,,,,,,,,,,,,,,,,,,,,,,,,,,,,,,,,,,,,,0.0
,,,,,,,,,,,,,,,,,,,,,,,,,,,,,,,,,,,,,,,,,,,,,,,,,,,,,,,,,,,,,,,,,,,,,,,,,,,,,,,,,,,,,,,,,,,,,,,,,,,,,,,,,,,,,,,,,,,,,,,,,,,,,,,,,,,,,,,,,,,,,,,,,,,,,,,,,,,,,,,,,,,,,,,,,,,,,,,,,,,,,,,,,,,,,,,,,,,,,,,,,,,,,,,,,,,,,,,,,,,,,,,,,,,,,,,,,,,,,,,,,,,,,,,,,,,,,,,,,,,,,,,,,,,,,,,,,,,,,,,,,,,,,,,,,,,,,,,,,,,,,,,,,,,,,,,,,,,,,,,,,,,,,,,,,,,,,,,,,,,,,,,,,,,,,,,,,,,,,,,,,,,,,,,,,,,,,,,,,,,,,,,,,,,,,,,,,,,,,,,,,,,,,,,,,,,,,,,,,,,,,,,,,,,,,,,,,,,,,,,,,,,,,,,,,,,,,,,,,,,,,,,,,,,,,,,,,,,,,,,,,,,,,,,,,,,,,,,,,,,,,,,,,,,,,,,,,,,,,,,,,,,,,,,,,,,,,,,,,0.0
,,,,,,,,,,,,,,,,,,,,,,,,,,,,,,,,,,,,,,,,,,,,,,,,,,,,,,,,,,,,,,,,,,,,,,,,,,,,,,,,,,,,,,,,,,,,,,,,,,,,,,,,,,,,,,,,,,,,,,,,,,,,,,,,,,,,,,,,,,,,,,,,,,,,,,,,,,,,,,,,,,,,,,,,,,,,,,,,,,,,,,,,,,,,,,,,,,,,,,,,,,,,,,,,,,,,,,,,,,,,,,,,,,,,,,,,,,,,,,,,,,,,,,,,,,,,,,,,,,,,,,,,,,,,,,,,,,,,,,,,,,,,,,,,,,,,,,,,,,,,,,,,,,,,,,,,,,,,,,,,,,,,,,,,,,,,,,,,,,,,,,,,,,,,,,,,,,,,,,,,,,,,,,,,,,,,,,,,,,,,,,,,,,,,,,,,,,,,,,,,,,,,,,,,,,,,,,,,,,,,,,,,,,,,,,,,,,,,,,,,,,,,,,,,,,,,,,,,,,,,,,,,,,,,,,,,,,,,,,,,,,,,,,,,,,,,,,,,,,,,,,,,,,,,,,,,,,,,,,,,,,,,,,,,,,,,,,,,,0.0
,,,,,,,,,,,,,,,,,,,,,,,,,,,,,,,,,,,,,,,,,,,,,,,,,,,,,,,,,,,,,,,,,,,,,,,,,,,,,,,,,,,,,,,,,,,,,,,,,,,,,,,,,,,,,,,,,,,,,,,,,,,,,,,,,,,,,,,,,,,,,,,,,,,,,,,,,,,,,,,,,,,,,,,,,,,,,,,,,,,,,,,,,,,,,,,,,,,,,,,,,,,,,,,,,,,,,,,,,,,,,,,,,,,,,,,,,,,,,,,,,,,,,,,,,,,,,,,,,,,,,,,,,,,,,,,,,,,,,,,,,,,,,,,,,,,,,,,,,,,,,,,,,,,,,,,,,,,,,,,,,,,,,,,,,,,,,,,,,,,,,,,,,,,,,,,,,,,,,,,,,,,,,,,,,,,,,,,,,,,,,,,,,,,,,,,,,,,,,,,,,,,,,,,,,,,,,,,,,,,,,,,,,,,,,,,,,,,,,,,,,,,,,,,,,,,,,,,,,,,,,,,,,,,,,,,,,,,,,,,,,,,,,,,,,,,,,,,,,,,,,,,,,,,,,,,,,,,,,,,,,,,,,,,,,,,,,,,,,0.0
,,,,,,,,,,,,,,,,,,,,,,,,,,,,,,,,,,,,,,,,,,,,,,,,,,,,,,,,,,,,,,,,,,,,,,,,,,,,,,,,,,,,,,,,,,,,,,,,,,,,,,,,,,,,,,,,,,,,,,,,,,,,,,,,,,,,,,,,,,,,,,,,,,,,,,,,,,,,,,,,,,,,,,,,,,,,,,,,,,,,,,,,,,,,,,,,,,,,,,,,,,,,,,,,,,,,,,,,,,,,,,,,,,,,,,,,,,,,,,,,,,,,,,,,,,,,,,,,,,,,,,,,,,,,,,,,,,,,,,,,,,,,,,,,,,,,,,,,,,,,,,,,,,,,,,,,,,,,,,,,,,,,,,,,,,,,,,,,,,,,,,,,,,,,,,,,,,,,,,,,,,,,,,,,,,,,,,,,,,,,,,,,,,,,,,,,,,,,,,,,,,,,,,,,,,,,,,,,,,,,,,,,,,,,,,,,,,,,,,,,,,,,,,,,,,,,,,,,,,,,,,,,,,,,,,,,,,,,,,,,,,,,,,,,,,,,,,,,,,,,,,,,,,,,,,,,,,,,,,,,,,,,,,,,,,,,,,,,,0.0
,,,,,,,,,,,,,,,,,,,,,,,,,,,,,,,,,,,,,,,,,,,,,,,,,,,,,,,,,,,,,,,,,,,,,,,,,,,,,,,,,,,,,,,,,,,,,,,,,,,,,,,,,,,,,,,,,,,,,,,,,,,,,,,,,,,,,,,,,,,,,,,,,,,,,,,,,,,,,,,,,,,,,,,,,,,,,,,,,,,,,,,,,,,,,,,,,,,,,,,,,,,,,,,,,,,,,,,,,,,,,,,,,,,,,,,,,,,,,,,,,,,,,,,,,,,,,,,,,,,,,,,,,,,,,,,,,,,,,,,,,,,,,,,,,,,,,,,,,,,,,,,,,,,,,,,,,,,,,,,,,,,,,,,,,,,,,,,,,,,,,,,,,,,,,,,,,,,,,,,,,,,,,,,,,,,,,,,,,,,,,,,,,,,,,,,,,,,,,,,,,,,,,,,,,,,,,,,,,,,,,,,,,,,,,,,,,,,,,,,,,,,,,,,,,,,,,,,,,,,,,,,,,,,,,,,,,,,,,,,,,,,,,,,,,,,,,,,,,,,,,,,,,,,,,,,,,,,,,,,,,,,,,,,,,,,,,,,,,0.0
,,,,,,,,,,,,,,,,,,,,,,,,,,,,,,,,,,,,,,,,,,,,,,,,,,,,,,,,,,,,,,,,,,,,,,,,,,,,,,,,,,,,,,,,,,,,,,,,,,,,,,,,,,,,,,,,,,,,,,,,,,,,,,,,,,,,,,,,,,,,,,,,,,,,,,,,,,,,,,,,,,,,,,,,,,,,,,,,,,,,,,,,,,,,,,,,,,,,,,,,,,,,,,,,,,,,,,,,,,,,,,,,,,,,,,,,,,,,,,,,,,,,,,,,,,,,,,,,,,,,,,,,,,,,,,,,,,,,,,,,,,,,,,,,,,,,,,,,,,,,,,,,,,,,,,,,,,,,,,,,,,,,,,,,,,,,,,,,,,,,,,,,,,,,,,,,,,,,,,,,,,,,,,,,,,,,,,,,,,,,,,,,,,,,,,,,,,,,,,,,,,,,,,,,,,,,,,,,,,,,,,,,,,,,,,,,,,,,,,,,,,,,,,,,,,,,,,,,,,,,,,,,,,,,,,,,,,,,,,,,,,,,,,,,,,,,,,,,,,,,,,,,,,,,,,,,,,,,,,,,,,,,,,,,,,,,,,,,,0.0
,,,,,,,,,,,,,,,,,,,,,,,,,,,,,,,,,,,,,,,,,,,,,,,,,,,,,,,,,,,,,,,,,,,,,,,,,,,,,,,,,,,,,,,,,,,,,,,,,,,,,,,,,,,,,,,,,,,,,,,,,,,,,,,,,,,,,,,,,,,,,,,,,,,,,,,,,,,,,,,,,,,,,,,,,,,,,,,,,,,,,,,,,,,,,,,,,,,,,,,,,,,,,,,,,,,,,,,,,,,,,,,,,,,,,,,,,,,,,,,,,,,,,,,,,,,,,,,,,,,,,,,,,,,,,,,,,,,,,,,,,,,,,,,,,,,,,,,,,,,,,,,,,,,,,,,,,,,,,,,,,,,,,,,,,,,,,,,,,,,,,,,,,,,,,,,,,,,,,,,,,,,,,,,,,,,,,,,,,,,,,,,,,,,,,,,,,,,,,,,,,,,,,,,,,,,,,,,,,,,,,,,,,,,,,,,,,,,,,,,,,,,,,,,,,,,,,,,,,,,,,,,,,,,,,,,,,,,,,,,,,,,,,,,,,,,,,,,,,,,,,,,,,,,,,,,,,,,,,,,,,,,,,,,,,,,,,,,,,0.0
,,,,,,,,,,,,,,,,,,,,,,,,,,,,,,,,,,,,,,,,,,,,,,,,,,,,,,,,,,,,,,,,,,,,,,,,,,,,,,,,,,,,,,,,,,,,,,,,,,,,,,,,,,,,,,,,,,,,,,,,,,,,,,,,,,,,,,,,,,,,,,,,,,,,,,,,,,,,,,,,,,,,,,,,,,,,,,,,,,,,,,,,,,,,,,,,,,,,,,,,,,,,,,,,,,,,,,,,,,,,,,,,,,,,,,,,,,,,,,,,,,,,,,,,,,,,,,,,,,,,,,,,,,,,,,,,,,,,,,,,,,,,,,,,,,,,,,,,,,,,,,,,,,,,,,,,,,,,,,,,,,,,,,,,,,,,,,,,,,,,,,,,,,,,,,,,,,,,,,,,,,,,,,,,,,,,,,,,,,,,,,,,,,,,,,,,,,,,,,,,,,,,,,,,,,,,,,,,,,,,,,,,,,,,,,,,,,,,,,,,,,,,,,,,,,,,,,,,,,,,,,,,,,,,,,,,,,,,,,,,,,,,,,,,,,,,,,,,,,,,,,,,,,,,,,,,,,,,,,,,,,,,,,,,,,,,,,,,,0.0
,,,,,,,,,,,,,,,,,,,,,,,,,,,,,,,,,,,,,,,,,,,,,,,,,,,,,,,,,,,,,,,,,,,,,,,,,,,,,,,,,,,,,,,,,,,,,,,,,,,,,,,,,,,,,,,,,,,,,,,,,,,,,,,,,,,,,,,,,,,,,,,,,,,,,,,,,,,,,,,,,,,,,,,,,,,,,,,,,,,,,,,,,,,,,,,,,,,,,,,,,,,,,,,,,,,,,,,,,,,,,,,,,,,,,,,,,,,,,,,,,,,,,,,,,,,,,,,,,,,,,,,,,,,,,,,,,,,,,,,,,,,,,,,,,,,,,,,,,,,,,,,,,,,,,,,,,,,,,,,,,,,,,,,,,,,,,,,,,,,,,,,,,,,,,,,,,,,,,,,,,,,,,,,,,,,,,,,,,,,,,,,,,,,,,,,,,,,,,,,,,,,,,,,,,,,,,,,,,,,,,,,,,,,,,,,,,,,,,,,,,,,,,,,,,,,,,,,,,,,,,,,,,,,,,,,,,,,,,,,,,,,,,,,,,,,,,,,,,,,,,,,,,,,,,,,,,,,,,,,,,,,,,,,,,,,,,,,,,0.0
,,,,,,,,,,,,,,,,,,,,,,,,,,,,,,,,,,,,,,,,,,,,,,,,,,,,,,,,,,,,,,,,,,,,,,,,,,,,,,,,,,,,,,,,,,,,,,,,,,,,,,,,,,,,,,,,,,,,,,,,,,,,,,,,,,,,,,,,,,,,,,,,,,,,,,,,,,,,,,,,,,,,,,,,,,,,,,,,,,,,,,,,,,,,,,,,,,,,,,,,,,,,,,,,,,,,,,,,,,,,,,,,,,,,,,,,,,,,,,,,,,,,,,,,,,,,,,,,,,,,,,,,,,,,,,,,,,,,,,,,,,,,,,,,,,,,,,,,,,,,,,,,,,,,,,,,,,,,,,,,,,,,,,,,,,,,,,,,,,,,,,,,,,,,,,,,,,,,,,,,,,,,,,,,,,,,,,,,,,,,,,,,,,,,,,,,,,,,,,,,,,,,,,,,,,,,,,,,,,,,,,,,,,,,,,,,,,,,,,,,,,,,,,,,,,,,,,,,,,,,,,,,,,,,,,,,,,,,,,,,,,,,,,,,,,,,,,,,,,,,,,,,,,,,,,,,,,,,,,,,,,,,,,,,,,,,,,,,,0.0
,,,,,,,,,,,,,,,,,,,,,,,,,,,,,,,,,,,,,,,,,,,,,,,,,,,,,,,,,,,,,,,,,,,,,,,,,,,,,,,,,,,,,,,,,,,,,,,,,,,,,,,,,,,,,,,,,,,,,,,,,,,,,,,,,,,,,,,,,,,,,,,,,,,,,,,,,,,,,,,,,,,,,,,,,,,,,,,,,,,,,,,,,,,,,,,,,,,,,,,,,,,,,,,,,,,,,,,,,,,,,,,,,,,,,,,,,,,,,,,,,,,,,,,,,,,,,,,,,,,,,,,,,,,,,,,,,,,,,,,,,,,,,,,,,,,,,,,,,,,,,,,,,,,,,,,,,,,,,,,,,,,,,,,,,,,,,,,,,,,,,,,,,,,,,,,,,,,,,,,,,,,,,,,,,,,,,,,,,,,,,,,,,,,,,,,,,,,,,,,,,,,,,,,,,,,,,,,,,,,,,,,,,,,,,,,,,,,,,,,,,,,,,,,,,,,,,,,,,,,,,,,,,,,,,,,,,,,,,,,,,,,,,,,,,,,,,,,,,,,,,,,,,,,,,,,,,,,,,,,,,,,,,,,,,,,,,,,,,0.0
,,,,,,,,,,,,,,,,,,,,,,,,,,,,,,,,,,,,,,,,,,,,,,,,,,,,,,,,,,,,,,,,,,,,,,,,,,,,,,,,,,,,,,,,,,,,,,,,,,,,,,,,,,,,,,,,,,,,,,,,,,,,,,,,,,,,,,,,,,,,,,,,,,,,,,,,,,,,,,,,,,,,,,,,,,,,,,,,,,,,,,,,,,,,,,,,,,,,,,,,,,,,,,,,,,,,,,,,,,,,,,,,,,,,,,,,,,,,,,,,,,,,,,,,,,,,,,,,,,,,,,,,,,,,,,,,,,,,,,,,,,,,,,,,,,,,,,,,,,,,,,,,,,,,,,,,,,,,,,,,,,,,,,,,,,,,,,,,,,,,,,,,,,,,,,,,,,,,,,,,,,,,,,,,,,,,,,,,,,,,,,,,,,,,,,,,,,,,,,,,,,,,,,,,,,,,,,,,,,,,,,,,,,,,,,,,,,,,,,,,,,,,,,,,,,,,,,,,,,,,,,,,,,,,,,,,,,,,,,,,,,,,,,,,,,,,,,,,,,,,,,,,,,,,,,,,,,,,,,,,,,,,,,,,,,,,,,,,,0.0
,,,,,,,,,,,,,,,,,,,,,,,,,,,,,,,,,,,,,,,,,,,,,,,,,,,,,,,,,,,,,,,,,,,,,,,,,,,,,,,,,,,,,,,,,,,,,,,,,,,,,,,,,,,,,,,,,,,,,,,,,,,,,,,,,,,,,,,,,,,,,,,,,,,,,,,,,,,,,,,,,,,,,,,,,,,,,,,,,,,,,,,,,,,,,,,,,,,,,,,,,,,,,,,,,,,,,,,,,,,,,,,,,,,,,,,,,,,,,,,,,,,,,,,,,,,,,,,,,,,,,,,,,,,,,,,,,,,,,,,,,,,,,,,,,,,,,,,,,,,,,,,,,,,,,,,,,,,,,,,,,,,,,,,,,,,,,,,,,,,,,,,,,,,,,,,,,,,,,,,,,,,,,,,,,,,,,,,,,,,,,,,,,,,,,,,,,,,,,,,,,,,,,,,,,,,,,,,,,,,,,,,,,,,,,,,,,,,,,,,,,,,,,,,,,,,,,,,,,,,,,,,,,,,,,,,,,,,,,,,,,,,,,,,,,,,,,,,,,,,,,,,,,,,,,,,,,,,,,,,,,,,,,,,,,,,,,,,,,0.0
,,,,,,,,,,,,,,,,,,,,,,,,,,,,,,,,,,,,,,,,,,,,,,,,,,,,,,,,,,,,,,,,,,,,,,,,,,,,,,,,,,,,,,,,,,,,,,,,,,,,,,,,,,,,,,,,,,,,,,,,,,,,,,,,,,,,,,,,,,,,,,,,,,,,,,,,,,,,,,,,,,,,,,,,,,,,,,,,,,,,,,,,,,,,,,,,,,,,,,,,,,,,,,,,,,,,,,,,,,,,,,,,,,,,,,,,,,,,,,,,,,,,,,,,,,,,,,,,,,,,,,,,,,,,,,,,,,,,,,,,,,,,,,,,,,,,,,,,,,,,,,,,,,,,,,,,,,,,,,,,,,,,,,,,,,,,,,,,,,,,,,,,,,,,,,,,,,,,,,,,,,,,,,,,,,,,,,,,,,,,,,,,,,,,,,,,,,,,,,,,,,,,,,,,,,,,,,,,,,,,,,,,,,,,,,,,,,,,,,,,,,,,,,,,,,,,,,,,,,,,,,,,,,,,,,,,,,,,,,,,,,,,,,,,,,,,,,,,,,,,,,,,,,,,,,,,,,,,,,,,,,,,,,,,,,,,,,,,,0.0
,,,,,,,,,,,,,,,,,,,,,,,,,,,,,,,,,,,,,,,,,,,,,,,,,,,,,,,,,,,,,,,,,,,,,,,,,,,,,,,,,,,,,,,,,,,,,,,,,,,,,,,,,,,,,,,,,,,,,,,,,,,,,,,,,,,,,,,,,,,,,,,,,,,,,,,,,,,,,,,,,,,,,,,,,,,,,,,,,,,,,,,,,,,,,,,,,,,,,,,,,,,,,,,,,,,,,,,,,,,,,,,,,,,,,,,,,,,,,,,,,,,,,,,,,,,,,,,,,,,,,,,,,,,,,,,,,,,,,,,,,,,,,,,,,,,,,,,,,,,,,,,,,,,,,,,,,,,,,,,,,,,,,,,,,,,,,,,,,,,,,,,,,,,,,,,,,,,,,,,,,,,,,,,,,,,,,,,,,,,,,,,,,,,,,,,,,,,,,,,,,,,,,,,,,,,,,,,,,,,,,,,,,,,,,,,,,,,,,,,,,,,,,,,,,,,,,,,,,,,,,,,,,,,,,,,,,,,,,,,,,,,,,,,,,,,,,,,,,,,,,,,,,,,,,,,,,,,,,,,,,,,,,,,,,,,,,,,,,0.0
,,,,,,,,,,,,,,,,,,,,,,,,,,,,,,,,,,,,,,,,,,,,,,,,,,,,,,,,,,,,,,,,,,,,,,,,,,,,,,,,,,,,,,,,,,,,,,,,,,,,,,,,,,,,,,,,,,,,,,,,,,,,,,,,,,,,,,,,,,,,,,,,,,,,,,,,,,,,,,,,,,,,,,,,,,,,,,,,,,,,,,,,,,,,,,,,,,,,,,,,,,,,,,,,,,,,,,,,,,,,,,,,,,,,,,,,,,,,,,,,,,,,,,,,,,,,,,,,,,,,,,,,,,,,,,,,,,,,,,,,,,,,,,,,,,,,,,,,,,,,,,,,,,,,,,,,,,,,,,,,,,,,,,,,,,,,,,,,,,,,,,,,,,,,,,,,,,,,,,,,,,,,,,,,,,,,,,,,,,,,,,,,,,,,,,,,,,,,,,,,,,,,,,,,,,,,,,,,,,,,,,,,,,,,,,,,,,,,,,,,,,,,,,,,,,,,,,,,,,,,,,,,,,,,,,,,,,,,,,,,,,,,,,,,,,,,,,,,,,,,,,,,,,,,,,,,,,,,,,,,,,,,,,,,,,,,,,,,,0.0
,,,,,,,,,,,,,,,,,,,,,,,,,,,,,,,,,,,,,,,,,,,,,,,,,,,,,,,,,,,,,,,,,,,,,,,,,,,,,,,,,,,,,,,,,,,,,,,,,,,,,,,,,,,,,,,,,,,,,,,,,,,,,,,,,,,,,,,,,,,,,,,,,,,,,,,,,,,,,,,,,,,,,,,,,,,,,,,,,,,,,,,,,,,,,,,,,,,,,,,,,,,,,,,,,,,,,,,,,,,,,,,,,,,,,,,,,,,,,,,,,,,,,,,,,,,,,,,,,,,,,,,,,,,,,,,,,,,,,,,,,,,,,,,,,,,,,,,,,,,,,,,,,,,,,,,,,,,,,,,,,,,,,,,,,,,,,,,,,,,,,,,,,,,,,,,,,,,,,,,,,,,,,,,,,,,,,,,,,,,,,,,,,,,,,,,,,,,,,,,,,,,,,,,,,,,,,,,,,,,,,,,,,,,,,,,,,,,,,,,,,,,,,,,,,,,,,,,,,,,,,,,,,,,,,,,,,,,,,,,,,,,,,,,,,,,,,,,,,,,,,,,,,,,,,,,,,,,,,,,,,,,,,,,,,,,,,,,,,0.0
,,,,,,,,,,,,,,,,,,,,,,,,,,,,,,,,,,,,,,,,,,,,,,,,,,,,,,,,,,,,,,,,,,,,,,,,,,,,,,,,,,,,,,,,,,,,,,,,,,,,,,,,,,,,,,,,,,,,,,,,,,,,,,,,,,,,,,,,,,,,,,,,,,,,,,,,,,,,,,,,,,,,,,,,,,,,,,,,,,,,,,,,,,,,,,,,,,,,,,,,,,,,,,,,,,,,,,,,,,,,,,,,,,,,,,,,,,,,,,,,,,,,,,,,,,,,,,,,,,,,,,,,,,,,,,,,,,,,,,,,,,,,,,,,,,,,,,,,,,,,,,,,,,,,,,,,,,,,,,,,,,,,,,,,,,,,,,,,,,,,,,,,,,,,,,,,,,,,,,,,,,,,,,,,,,,,,,,,,,,,,,,,,,,,,,,,,,,,,,,,,,,,,,,,,,,,,,,,,,,,,,,,,,,,,,,,,,,,,,,,,,,,,,,,,,,,,,,,,,,,,,,,,,,,,,,,,,,,,,,,,,,,,,,,,,,,,,,,,,,,,,,,,,,,,,,,,,,,,,,,,,,,,,,,,,,,,,,,,0.0
,,,,,,,,,,,,,,,,,,,,,,,,,,,,,,,,,,,,,,,,,,,,,,,,,,,,,,,,,,,,,,,,,,,,,,,,,,,,,,,,,,,,,,,,,,,,,,,,,,,,,,,,,,,,,,,,,,,,,,,,,,,,,,,,,,,,,,,,,,,,,,,,,,,,,,,,,,,,,,,,,,,,,,,,,,,,,,,,,,,,,,,,,,,,,,,,,,,,,,,,,,,,,,,,,,,,,,,,,,,,,,,,,,,,,,,,,,,,,,,,,,,,,,,,,,,,,,,,,,,,,,,,,,,,,,,,,,,,,,,,,,,,,,,,,,,,,,,,,,,,,,,,,,,,,,,,,,,,,,,,,,,,,,,,,,,,,,,,,,,,,,,,,,,,,,,,,,,,,,,,,,,,,,,,,,,,,,,,,,,,,,,,,,,,,,,,,,,,,,,,,,,,,,,,,,,,,,,,,,,,,,,,,,,,,,,,,,,,,,,,,,,,,,,,,,,,,,,,,,,,,,,,,,,,,,,,,,,,,,,,,,,,,,,,,,,,,,,,,,,,,,,,,,,,,,,,,,,,,,,,,,,,,,,,,,,,,,,,,0.0
,,,,,,,,,,,,,,,,,,,,,,,,,,,,,,,,,,,,,,,,,,,,,,,,,,,,,,,,,,,,,,,,,,,,,,,,,,,,,,,,,,,,,,,,,,,,,,,,,,,,,,,,,,,,,,,,,,,,,,,,,,,,,,,,,,,,,,,,,,,,,,,,,,,,,,,,,,,,,,,,,,,,,,,,,,,,,,,,,,,,,,,,,,,,,,,,,,,,,,,,,,,,,,,,,,,,,,,,,,,,,,,,,,,,,,,,,,,,,,,,,,,,,,,,,,,,,,,,,,,,,,,,,,,,,,,,,,,,,,,,,,,,,,,,,,,,,,,,,,,,,,,,,,,,,,,,,,,,,,,,,,,,,,,,,,,,,,,,,,,,,,,,,,,,,,,,,,,,,,,,,,,,,,,,,,,,,,,,,,,,,,,,,,,,,,,,,,,,,,,,,,,,,,,,,,,,,,,,,,,,,,,,,,,,,,,,,,,,,,,,,,,,,,,,,,,,,,,,,,,,,,,,,,,,,,,,,,,,,,,,,,,,,,,,,,,,,,,,,,,,,,,,,,,,,,,,,,,,,,,,,,,,,,,,,,,,,,,,,0.0
,,,,,,,,,,,,,,,,,,,,,,,,,,,,,,,,,,,,,,,,,,,,,,,,,,,,,,,,,,,,,,,,,,,,,,,,,,,,,,,,,,,,,,,,,,,,,,,,,,,,,,,,,,,,,,,,,,,,,,,,,,,,,,,,,,,,,,,,,,,,,,,,,,,,,,,,,,,,,,,,,,,,,,,,,,,,,,,,,,,,,,,,,,,,,,,,,,,,,,,,,,,,,,,,,,,,,,,,,,,,,,,,,,,,,,,,,,,,,,,,,,,,,,,,,,,,,,,,,,,,,,,,,,,,,,,,,,,,,,,,,,,,,,,,,,,,,,,,,,,,,,,,,,,,,,,,,,,,,,,,,,,,,,,,,,,,,,,,,,,,,,,,,,,,,,,,,,,,,,,,,,,,,,,,,,,,,,,,,,,,,,,,,,,,,,,,,,,,,,,,,,,,,,,,,,,,,,,,,,,,,,,,,,,,,,,,,,,,,,,,,,,,,,,,,,,,,,,,,,,,,,,,,,,,,,,,,,,,,,,,,,,,,,,,,,,,,,,,,,,,,,,,,,,,,,,,,,,,,,,,,,,,,,,,,,,,,,,,,0.0
,,,,,,,,,,,,,,,,,,,,,,,,,,,,,,,,,,,,,,,,,,,,,,,,,,,,,,,,,,,,,,,,,,,,,,,,,,,,,,,,,,,,,,,,,,,,,,,,,,,,,,,,,,,,,,,,,,,,,,,,,,,,,,,,,,,,,,,,,,,,,,,,,,,,,,,,,,,,,,,,,,,,,,,,,,,,,,,,,,,,,,,,,,,,,,,,,,,,,,,,,,,,,,,,,,,,,,,,,,,,,,,,,,,,,,,,,,,,,,,,,,,,,,,,,,,,,,,,,,,,,,,,,,,,,,,,,,,,,,,,,,,,,,,,,,,,,,,,,,,,,,,,,,,,,,,,,,,,,,,,,,,,,,,,,,,,,,,,,,,,,,,,,,,,,,,,,,,,,,,,,,,,,,,,,,,,,,,,,,,,,,,,,,,,,,,,,,,,,,,,,,,,,,,,,,,,,,,,,,,,,,,,,,,,,,,,,,,,,,,,,,,,,,,,,,,,,,,,,,,,,,,,,,,,,,,,,,,,,,,,,,,,,,,,,,,,,,,,,,,,,,,,,,,,,,,,,,,,,,,,,,,,,,,,,,,,,,,,,0.0
,,,,,,,,,,,,,,,,,,,,,,,,,,,,,,,,,,,,,,,,,,,,,,,,,,,,,,,,,,,,,,,,,,,,,,,,,,,,,,,,,,,,,,,,,,,,,,,,,,,,,,,,,,,,,,,,,,,,,,,,,,,,,,,,,,,,,,,,,,,,,,,,,,,,,,,,,,,,,,,,,,,,,,,,,,,,,,,,,,,,,,,,,,,,,,,,,,,,,,,,,,,,,,,,,,,,,,,,,,,,,,,,,,,,,,,,,,,,,,,,,,,,,,,,,,,,,,,,,,,,,,,,,,,,,,,,,,,,,,,,,,,,,,,,,,,,,,,,,,,,,,,,,,,,,,,,,,,,,,,,,,,,,,,,,,,,,,,,,,,,,,,,,,,,,,,,,,,,,,,,,,,,,,,,,,,,,,,,,,,,,,,,,,,,,,,,,,,,,,,,,,,,,,,,,,,,,,,,,,,,,,,,,,,,,,,,,,,,,,,,,,,,,,,,,,,,,,,,,,,,,,,,,,,,,,,,,,,,,,,,,,,,,,,,,,,,,,,,,,,,,,,,,,,,,,,,,,,,,,,,,,,,,,,,,,,,,,,,,0.0
,,,,,,,,,,,,,,,,,,,,,,,,,,,,,,,,,,,,,,,,,,,,,,,,,,,,,,,,,,,,,,,,,,,,,,,,,,,,,,,,,,,,,,,,,,,,,,,,,,,,,,,,,,,,,,,,,,,,,,,,,,,,,,,,,,,,,,,,,,,,,,,,,,,,,,,,,,,,,,,,,,,,,,,,,,,,,,,,,,,,,,,,,,,,,,,,,,,,,,,,,,,,,,,,,,,,,,,,,,,,,,,,,,,,,,,,,,,,,,,,,,,,,,,,,,,,,,,,,,,,,,,,,,,,,,,,,,,,,,,,,,,,,,,,,,,,,,,,,,,,,,,,,,,,,,,,,,,,,,,,,,,,,,,,,,,,,,,,,,,,,,,,,,,,,,,,,,,,,,,,,,,,,,,,,,,,,,,,,,,,,,,,,,,,,,,,,,,,,,,,,,,,,,,,,,,,,,,,,,,,,,,,,,,,,,,,,,,,,,,,,,,,,,,,,,,,,,,,,,,,,,,,,,,,,,,,,,,,,,,,,,,,,,,,,,,,,,,,,,,,,,,,,,,,,,,,,,,,,,,,,,,,,,,,,,,,,,,,,0.0
,,,,,,,,,,,,,,,,,,,,,,,,,,,,,,,,,,,,,,,,,,,,,,,,,,,,,,,,,,,,,,,,,,,,,,,,,,,,,,,,,,,,,,,,,,,,,,,,,,,,,,,,,,,,,,,,,,,,,,,,,,,,,,,,,,,,,,,,,,,,,,,,,,,,,,,,,,,,,,,,,,,,,,,,,,,,,,,,,,,,,,,,,,,,,,,,,,,,,,,,,,,,,,,,,,,,,,,,,,,,,,,,,,,,,,,,,,,,,,,,,,,,,,,,,,,,,,,,,,,,,,,,,,,,,,,,,,,,,,,,,,,,,,,,,,,,,,,,,,,,,,,,,,,,,,,,,,,,,,,,,,,,,,,,,,,,,,,,,,,,,,,,,,,,,,,,,,,,,,,,,,,,,,,,,,,,,,,,,,,,,,,,,,,,,,,,,,,,,,,,,,,,,,,,,,,,,,,,,,,,,,,,,,,,,,,,,,,,,,,,,,,,,,,,,,,,,,,,,,,,,,,,,,,,,,,,,,,,,,,,,,,,,,,,,,,,,,,,,,,,,,,,,,,,,,,,,,,,,,,,,,,,,,,,,,,,,,,,,0.0
,,,,,,,,,,,,,,,,,,,,,,,,,,,,,,,,,,,,,,,,,,,,,,,,,,,,,,,,,,,,,,,,,,,,,,,,,,,,,,,,,,,,,,,,,,,,,,,,,,,,,,,,,,,,,,,,,,,,,,,,,,,,,,,,,,,,,,,,,,,,,,,,,,,,,,,,,,,,,,,,,,,,,,,,,,,,,,,,,,,,,,,,,,,,,,,,,,,,,,,,,,,,,,,,,,,,,,,,,,,,,,,,,,,,,,,,,,,,,,,,,,,,,,,,,,,,,,,,,,,,,,,,,,,,,,,,,,,,,,,,,,,,,,,,,,,,,,,,,,,,,,,,,,,,,,,,,,,,,,,,,,,,,,,,,,,,,,,,,,,,,,,,,,,,,,,,,,,,,,,,,,,,,,,,,,,,,,,,,,,,,,,,,,,,,,,,,,,,,,,,,,,,,,,,,,,,,,,,,,,,,,,,,,,,,,,,,,,,,,,,,,,,,,,,,,,,,,,,,,,,,,,,,,,,,,,,,,,,,,,,,,,,,,,,,,,,,,,,,,,,,,,,,,,,,,,,,,,,,,,,,,,,,,,,,,,,,,,,,0.0
,,,,,,,,,,,,,,,,,,,,,,,,,,,,,,,,,,,,,,,,,,,,,,,,,,,,,,,,,,,,,,,,,,,,,,,,,,,,,,,,,,,,,,,,,,,,,,,,,,,,,,,,,,,,,,,,,,,,,,,,,,,,,,,,,,,,,,,,,,,,,,,,,,,,,,,,,,,,,,,,,,,,,,,,,,,,,,,,,,,,,,,,,,,,,,,,,,,,,,,,,,,,,,,,,,,,,,,,,,,,,,,,,,,,,,,,,,,,,,,,,,,,,,,,,,,,,,,,,,,,,,,,,,,,,,,,,,,,,,,,,,,,,,,,,,,,,,,,,,,,,,,,,,,,,,,,,,,,,,,,,,,,,,,,,,,,,,,,,,,,,,,,,,,,,,,,,,,,,,,,,,,,,,,,,,,,,,,,,,,,,,,,,,,,,,,,,,,,,,,,,,,,,,,,,,,,,,,,,,,,,,,,,,,,,,,,,,,,,,,,,,,,,,,,,,,,,,,,,,,,,,,,,,,,,,,,,,,,,,,,,,,,,,,,,,,,,,,,,,,,,,,,,,,,,,,,,,,,,,,,,,,,,,,,,,,,,,,,,0.0
,,,,,,,,,,,,,,,,,,,,,,,,,,,,,,,,,,,,,,,,,,,,,,,,,,,,,,,,,,,,,,,,,,,,,,,,,,,,,,,,,,,,,,,,,,,,,,,,,,,,,,,,,,,,,,,,,,,,,,,,,,,,,,,,,,,,,,,,,,,,,,,,,,,,,,,,,,,,,,,,,,,,,,,,,,,,,,,,,,,,,,,,,,,,,,,,,,,,,,,,,,,,,,,,,,,,,,,,,,,,,,,,,,,,,,,,,,,,,,,,,,,,,,,,,,,,,,,,,,,,,,,,,,,,,,,,,,,,,,,,,,,,,,,,,,,,,,,,,,,,,,,,,,,,,,,,,,,,,,,,,,,,,,,,,,,,,,,,,,,,,,,,,,,,,,,,,,,,,,,,,,,,,,,,,,,,,,,,,,,,,,,,,,,,,,,,,,,,,,,,,,,,,,,,,,,,,,,,,,,,,,,,,,,,,,,,,,,,,,,,,,,,,,,,,,,,,,,,,,,,,,,,,,,,,,,,,,,,,,,,,,,,,,,,,,,,,,,,,,,,,,,,,,,,,,,,,,,,,,,,,,,,,,,,,,,,,,,,,0.0
,,,,,,,,,,,,,,,,,,,,,,,,,,,,,,,,,,,,,,,,,,,,,,,,,,,,,,,,,,,,,,,,,,,,,,,,,,,,,,,,,,,,,,,,,,,,,,,,,,,,,,,,,,,,,,,,,,,,,,,,,,,,,,,,,,,,,,,,,,,,,,,,,,,,,,,,,,,,,,,,,,,,,,,,,,,,,,,,,,,,,,,,,,,,,,,,,,,,,,,,,,,,,,,,,,,,,,,,,,,,,,,,,,,,,,,,,,,,,,,,,,,,,,,,,,,,,,,,,,,,,,,,,,,,,,,,,,,,,,,,,,,,,,,,,,,,,,,,,,,,,,,,,,,,,,,,,,,,,,,,,,,,,,,,,,,,,,,,,,,,,,,,,,,,,,,,,,,,,,,,,,,,,,,,,,,,,,,,,,,,,,,,,,,,,,,,,,,,,,,,,,,,,,,,,,,,,,,,,,,,,,,,,,,,,,,,,,,,,,,,,,,,,,,,,,,,,,,,,,,,,,,,,,,,,,,,,,,,,,,,,,,,,,,,,,,,,,,,,,,,,,,,,,,,,,,,,,,,,,,,,,,,,,,,,,,,,,,,,0.0
,,,,,,,,,,,,,,,,,,,,,,,,,,,,,,,,,,,,,,,,,,,,,,,,,,,,,,,,,,,,,,,,,,,,,,,,,,,,,,,,,,,,,,,,,,,,,,,,,,,,,,,,,,,,,,,,,,,,,,,,,,,,,,,,,,,,,,,,,,,,,,,,,,,,,,,,,,,,,,,,,,,,,,,,,,,,,,,,,,,,,,,,,,,,,,,,,,,,,,,,,,,,,,,,,,,,,,,,,,,,,,,,,,,,,,,,,,,,,,,,,,,,,,,,,,,,,,,,,,,,,,,,,,,,,,,,,,,,,,,,,,,,,,,,,,,,,,,,,,,,,,,,,,,,,,,,,,,,,,,,,,,,,,,,,,,,,,,,,,,,,,,,,,,,,,,,,,,,,,,,,,,,,,,,,,,,,,,,,,,,,,,,,,,,,,,,,,,,,,,,,,,,,,,,,,,,,,,,,,,,,,,,,,,,,,,,,,,,,,,,,,,,,,,,,,,,,,,,,,,,,,,,,,,,,,,,,,,,,,,,,,,,,,,,,,,,,,,,,,,,,,,,,,,,,,,,,,,,,,,,,,,,,,,,,,,,,,,,,0.0
,,,,,,,,,,,,,,,,,,,,,,,,,,,,,,,,,,,,,,,,,,,,,,,,,,,,,,,,,,,,,,,,,,,,,,,,,,,,,,,,,,,,,,,,,,,,,,,,,,,,,,,,,,,,,,,,,,,,,,,,,,,,,,,,,,,,,,,,,,,,,,,,,,,,,,,,,,,,,,,,,,,,,,,,,,,,,,,,,,,,,,,,,,,,,,,,,,,,,,,,,,,,,,,,,,,,,,,,,,,,,,,,,,,,,,,,,,,,,,,,,,,,,,,,,,,,,,,,,,,,,,,,,,,,,,,,,,,,,,,,,,,,,,,,,,,,,,,,,,,,,,,,,,,,,,,,,,,,,,,,,,,,,,,,,,,,,,,,,,,,,,,,,,,,,,,,,,,,,,,,,,,,,,,,,,,,,,,,,,,,,,,,,,,,,,,,,,,,,,,,,,,,,,,,,,,,,,,,,,,,,,,,,,,,,,,,,,,,,,,,,,,,,,,,,,,,,,,,,,,,,,,,,,,,,,,,,,,,,,,,,,,,,,,,,,,,,,,,,,,,,,,,,,,,,,,,,,,,,,,,,,,,,,,,,,,,,,,,,0.0
,,,,,,,,,,,,,,,,,,,,,,,,,,,,,,,,,,,,,,,,,,,,,,,,,,,,,,,,,,,,,,,,,,,,,,,,,,,,,,,,,,,,,,,,,,,,,,,,,,,,,,,,,,,,,,,,,,,,,,,,,,,,,,,,,,,,,,,,,,,,,,,,,,,,,,,,,,,,,,,,,,,,,,,,,,,,,,,,,,,,,,,,,,,,,,,,,,,,,,,,,,,,,,,,,,,,,,,,,,,,,,,,,,,,,,,,,,,,,,,,,,,,,,,,,,,,,,,,,,,,,,,,,,,,,,,,,,,,,,,,,,,,,,,,,,,,,,,,,,,,,,,,,,,,,,,,,,,,,,,,,,,,,,,,,,,,,,,,,,,,,,,,,,,,,,,,,,,,,,,,,,,,,,,,,,,,,,,,,,,,,,,,,,,,,,,,,,,,,,,,,,,,,,,,,,,,,,,,,,,,,,,,,,,,,,,,,,,,,,,,,,,,,,,,,,,,,,,,,,,,,,,,,,,,,,,,,,,,,,,,,,,,,,,,,,,,,,,,,,,,,,,,,,,,,,,,,,,,,,,,,,,,,,,,,,,,,,,,,0.0
,,,,,,,,,,,,,,,,,,,,,,,,,,,,,,,,,,,,,,,,,,,,,,,,,,,,,,,,,,,,,,,,,,,,,,,,,,,,,,,,,,,,,,,,,,,,,,,,,,,,,,,,,,,,,,,,,,,,,,,,,,,,,,,,,,,,,,,,,,,,,,,,,,,,,,,,,,,,,,,,,,,,,,,,,,,,,,,,,,,,,,,,,,,,,,,,,,,,,,,,,,,,,,,,,,,,,,,,,,,,,,,,,,,,,,,,,,,,,,,,,,,,,,,,,,,,,,,,,,,,,,,,,,,,,,,,,,,,,,,,,,,,,,,,,,,,,,,,,,,,,,,,,,,,,,,,,,,,,,,,,,,,,,,,,,,,,,,,,,,,,,,,,,,,,,,,,,,,,,,,,,,,,,,,,,,,,,,,,,,,,,,,,,,,,,,,,,,,,,,,,,,,,,,,,,,,,,,,,,,,,,,,,,,,,,,,,,,,,,,,,,,,,,,,,,,,,,,,,,,,,,,,,,,,,,,,,,,,,,,,,,,,,,,,,,,,,,,,,,,,,,,,,,,,,,,,,,,,,,,,,,,,,,,,,,,,,,,,,0.0
,,,,,,,,,,,,,,,,,,,,,,,,,,,,,,,,,,,,,,,,,,,,,,,,,,,,,,,,,,,,,,,,,,,,,,,,,,,,,,,,,,,,,,,,,,,,,,,,,,,,,,,,,,,,,,,,,,,,,,,,,,,,,,,,,,,,,,,,,,,,,,,,,,,,,,,,,,,,,,,,,,,,,,,,,,,,,,,,,,,,,,,,,,,,,,,,,,,,,,,,,,,,,,,,,,,,,,,,,,,,,,,,,,,,,,,,,,,,,,,,,,,,,,,,,,,,,,,,,,,,,,,,,,,,,,,,,,,,,,,,,,,,,,,,,,,,,,,,,,,,,,,,,,,,,,,,,,,,,,,,,,,,,,,,,,,,,,,,,,,,,,,,,,,,,,,,,,,,,,,,,,,,,,,,,,,,,,,,,,,,,,,,,,,,,,,,,,,,,,,,,,,,,,,,,,,,,,,,,,,,,,,,,,,,,,,,,,,,,,,,,,,,,,,,,,,,,,,,,,,,,,,,,,,,,,,,,,,,,,,,,,,,,,,,,,,,,,,,,,,,,,,,,,,,,,,,,,,,,,,,,,,,,,,,,,,,,,,,,0.0
,,,,,,,,,,,,,,,,,,,,,,,,,,,,,,,,,,,,,,,,,,,,,,,,,,,,,,,,,,,,,,,,,,,,,,,,,,,,,,,,,,,,,,,,,,,,,,,,,,,,,,,,,,,,,,,,,,,,,,,,,,,,,,,,,,,,,,,,,,,,,,,,,,,,,,,,,,,,,,,,,,,,,,,,,,,,,,,,,,,,,,,,,,,,,,,,,,,,,,,,,,,,,,,,,,,,,,,,,,,,,,,,,,,,,,,,,,,,,,,,,,,,,,,,,,,,,,,,,,,,,,,,,,,,,,,,,,,,,,,,,,,,,,,,,,,,,,,,,,,,,,,,,,,,,,,,,,,,,,,,,,,,,,,,,,,,,,,,,,,,,,,,,,,,,,,,,,,,,,,,,,,,,,,,,,,,,,,,,,,,,,,,,,,,,,,,,,,,,,,,,,,,,,,,,,,,,,,,,,,,,,,,,,,,,,,,,,,,,,,,,,,,,,,,,,,,,,,,,,,,,,,,,,,,,,,,,,,,,,,,,,,,,,,,,,,,,,,,,,,,,,,,,,,,,,,,,,,,,,,,,,,,,,,,,,,,,,,,,0.0
,,,,,,,,,,,,,,,,,,,,,,,,,,,,,,,,,,,,,,,,,,,,,,,,,,,,,,,,,,,,,,,,,,,,,,,,,,,,,,,,,,,,,,,,,,,,,,,,,,,,,,,,,,,,,,,,,,,,,,,,,,,,,,,,,,,,,,,,,,,,,,,,,,,,,,,,,,,,,,,,,,,,,,,,,,,,,,,,,,,,,,,,,,,,,,,,,,,,,,,,,,,,,,,,,,,,,,,,,,,,,,,,,,,,,,,,,,,,,,,,,,,,,,,,,,,,,,,,,,,,,,,,,,,,,,,,,,,,,,,,,,,,,,,,,,,,,,,,,,,,,,,,,,,,,,,,,,,,,,,,,,,,,,,,,,,,,,,,,,,,,,,,,,,,,,,,,,,,,,,,,,,,,,,,,,,,,,,,,,,,,,,,,,,,,,,,,,,,,,,,,,,,,,,,,,,,,,,,,,,,,,,,,,,,,,,,,,,,,,,,,,,,,,,,,,,,,,,,,,,,,,,,,,,,,,,,,,,,,,,,,,,,,,,,,,,,,,,,,,,,,,,,,,,,,,,,,,,,,,,,,,,,,,,,,,,,,,,,,0.0
,,,,,,,,,,,,,,,,,,,,,,,,,,,,,,,,,,,,,,,,,,,,,,,,,,,,,,,,,,,,,,,,,,,,,,,,,,,,,,,,,,,,,,,,,,,,,,,,,,,,,,,,,,,,,,,,,,,,,,,,,,,,,,,,,,,,,,,,,,,,,,,,,,,,,,,,,,,,,,,,,,,,,,,,,,,,,,,,,,,,,,,,,,,,,,,,,,,,,,,,,,,,,,,,,,,,,,,,,,,,,,,,,,,,,,,,,,,,,,,,,,,,,,,,,,,,,,,,,,,,,,,,,,,,,,,,,,,,,,,,,,,,,,,,,,,,,,,,,,,,,,,,,,,,,,,,,,,,,,,,,,,,,,,,,,,,,,,,,,,,,,,,,,,,,,,,,,,,,,,,,,,,,,,,,,,,,,,,,,,,,,,,,,,,,,,,,,,,,,,,,,,,,,,,,,,,,,,,,,,,,,,,,,,,,,,,,,,,,,,,,,,,,,,,,,,,,,,,,,,,,,,,,,,,,,,,,,,,,,,,,,,,,,,,,,,,,,,,,,,,,,,,,,,,,,,,,,,,,,,,,,,,,,,,,,,,,,,,,0.0
,,,,,,,,,,,,,,,,,,,,,,,,,,,,,,,,,,,,,,,,,,,,,,,,,,,,,,,,,,,,,,,,,,,,,,,,,,,,,,,,,,,,,,,,,,,,,,,,,,,,,,,,,,,,,,,,,,,,,,,,,,,,,,,,,,,,,,,,,,,,,,,,,,,,,,,,,,,,,,,,,,,,,,,,,,,,,,,,,,,,,,,,,,,,,,,,,,,,,,,,,,,,,,,,,,,,,,,,,,,,,,,,,,,,,,,,,,,,,,,,,,,,,,,,,,,,,,,,,,,,,,,,,,,,,,,,,,,,,,,,,,,,,,,,,,,,,,,,,,,,,,,,,,,,,,,,,,,,,,,,,,,,,,,,,,,,,,,,,,,,,,,,,,,,,,,,,,,,,,,,,,,,,,,,,,,,,,,,,,,,,,,,,,,,,,,,,,,,,,,,,,,,,,,,,,,,,,,,,,,,,,,,,,,,,,,,,,,,,,,,,,,,,,,,,,,,,,,,,,,,,,,,,,,,,,,,,,,,,,,,,,,,,,,,,,,,,,,,,,,,,,,,,,,,,,,,,,,,,,,,,,,,,,,,,,,,,,,,,0.0
,,,,,,,,,,,,,,,,,,,,,,,,,,,,,,,,,,,,,,,,,,,,,,,,,,,,,,,,,,,,,,,,,,,,,,,,,,,,,,,,,,,,,,,,,,,,,,,,,,,,,,,,,,,,,,,,,,,,,,,,,,,,,,,,,,,,,,,,,,,,,,,,,,,,,,,,,,,,,,,,,,,,,,,,,,,,,,,,,,,,,,,,,,,,,,,,,,,,,,,,,,,,,,,,,,,,,,,,,,,,,,,,,,,,,,,,,,,,,,,,,,,,,,,,,,,,,,,,,,,,,,,,,,,,,,,,,,,,,,,,,,,,,,,,,,,,,,,,,,,,,,,,,,,,,,,,,,,,,,,,,,,,,,,,,,,,,,,,,,,,,,,,,,,,,,,,,,,,,,,,,,,,,,,,,,,,,,,,,,,,,,,,,,,,,,,,,,,,,,,,,,,,,,,,,,,,,,,,,,,,,,,,,,,,,,,,,,,,,,,,,,,,,,,,,,,,,,,,,,,,,,,,,,,,,,,,,,,,,,,,,,,,,,,,,,,,,,,,,,,,,,,,,,,,,,,,,,,,,,,,,,,,,,,,,,,,,,,,,0.0
,,,,,,,,,,,,,,,,,,,,,,,,,,,,,,,,,,,,,,,,,,,,,,,,,,,,,,,,,,,,,,,,,,,,,,,,,,,,,,,,,,,,,,,,,,,,,,,,,,,,,,,,,,,,,,,,,,,,,,,,,,,,,,,,,,,,,,,,,,,,,,,,,,,,,,,,,,,,,,,,,,,,,,,,,,,,,,,,,,,,,,,,,,,,,,,,,,,,,,,,,,,,,,,,,,,,,,,,,,,,,,,,,,,,,,,,,,,,,,,,,,,,,,,,,,,,,,,,,,,,,,,,,,,,,,,,,,,,,,,,,,,,,,,,,,,,,,,,,,,,,,,,,,,,,,,,,,,,,,,,,,,,,,,,,,,,,,,,,,,,,,,,,,,,,,,,,,,,,,,,,,,,,,,,,,,,,,,,,,,,,,,,,,,,,,,,,,,,,,,,,,,,,,,,,,,,,,,,,,,,,,,,,,,,,,,,,,,,,,,,,,,,,,,,,,,,,,,,,,,,,,,,,,,,,,,,,,,,,,,,,,,,,,,,,,,,,,,,,,,,,,,,,,,,,,,,,,,,,,,,,,,,,,,,,,,,,,,,,0.0
,,,,,,,,,,,,,,,,,,,,,,,,,,,,,,,,,,,,,,,,,,,,,,,,,,,,,,,,,,,,,,,,,,,,,,,,,,,,,,,,,,,,,,,,,,,,,,,,,,,,,,,,,,,,,,,,,,,,,,,,,,,,,,,,,,,,,,,,,,,,,,,,,,,,,,,,,,,,,,,,,,,,,,,,,,,,,,,,,,,,,,,,,,,,,,,,,,,,,,,,,,,,,,,,,,,,,,,,,,,,,,,,,,,,,,,,,,,,,,,,,,,,,,,,,,,,,,,,,,,,,,,,,,,,,,,,,,,,,,,,,,,,,,,,,,,,,,,,,,,,,,,,,,,,,,,,,,,,,,,,,,,,,,,,,,,,,,,,,,,,,,,,,,,,,,,,,,,,,,,,,,,,,,,,,,,,,,,,,,,,,,,,,,,,,,,,,,,,,,,,,,,,,,,,,,,,,,,,,,,,,,,,,,,,,,,,,,,,,,,,,,,,,,,,,,,,,,,,,,,,,,,,,,,,,,,,,,,,,,,,,,,,,,,,,,,,,,,,,,,,,,,,,,,,,,,,,,,,,,,,,,,,,,,,,,,,,,,,,0.0
,,,,,,,,,,,,,,,,,,,,,,,,,,,,,,,,,,,,,,,,,,,,,,,,,,,,,,,,,,,,,,,,,,,,,,,,,,,,,,,,,,,,,,,,,,,,,,,,,,,,,,,,,,,,,,,,,,,,,,,,,,,,,,,,,,,,,,,,,,,,,,,,,,,,,,,,,,,,,,,,,,,,,,,,,,,,,,,,,,,,,,,,,,,,,,,,,,,,,,,,,,,,,,,,,,,,,,,,,,,,,,,,,,,,,,,,,,,,,,,,,,,,,,,,,,,,,,,,,,,,,,,,,,,,,,,,,,,,,,,,,,,,,,,,,,,,,,,,,,,,,,,,,,,,,,,,,,,,,,,,,,,,,,,,,,,,,,,,,,,,,,,,,,,,,,,,,,,,,,,,,,,,,,,,,,,,,,,,,,,,,,,,,,,,,,,,,,,,,,,,,,,,,,,,,,,,,,,,,,,,,,,,,,,,,,,,,,,,,,,,,,,,,,,,,,,,,,,,,,,,,,,,,,,,,,,,,,,,,,,,,,,,,,,,,,,,,,,,,,,,,,,,,,,,,,,,,,,,,,,,,,,,,,,,,,,,,,,,,0.0
,,,,,,,,,,,,,,,,,,,,,,,,,,,,,,,,,,,,,,,,,,,,,,,,,,,,,,,,,,,,,,,,,,,,,,,,,,,,,,,,,,,,,,,,,,,,,,,,,,,,,,,,,,,,,,,,,,,,,,,,,,,,,,,,,,,,,,,,,,,,,,,,,,,,,,,,,,,,,,,,,,,,,,,,,,,,,,,,,,,,,,,,,,,,,,,,,,,,,,,,,,,,,,,,,,,,,,,,,,,,,,,,,,,,,,,,,,,,,,,,,,,,,,,,,,,,,,,,,,,,,,,,,,,,,,,,,,,,,,,,,,,,,,,,,,,,,,,,,,,,,,,,,,,,,,,,,,,,,,,,,,,,,,,,,,,,,,,,,,,,,,,,,,,,,,,,,,,,,,,,,,,,,,,,,,,,,,,,,,,,,,,,,,,,,,,,,,,,,,,,,,,,,,,,,,,,,,,,,,,,,,,,,,,,,,,,,,,,,,,,,,,,,,,,,,,,,,,,,,,,,,,,,,,,,,,,,,,,,,,,,,,,,,,,,,,,,,,,,,,,,,,,,,,,,,,,,,,,,,,,,,,,,,,,,,,,,,,,,0.0
,,,,,,,,,,,,,,,,,,,,,,,,,,,,,,,,,,,,,,,,,,,,,,,,,,,,,,,,,,,,,,,,,,,,,,,,,,,,,,,,,,,,,,,,,,,,,,,,,,,,,,,,,,,,,,,,,,,,,,,,,,,,,,,,,,,,,,,,,,,,,,,,,,,,,,,,,,,,,,,,,,,,,,,,,,,,,,,,,,,,,,,,,,,,,,,,,,,,,,,,,,,,,,,,,,,,,,,,,,,,,,,,,,,,,,,,,,,,,,,,,,,,,,,,,,,,,,,,,,,,,,,,,,,,,,,,,,,,,,,,,,,,,,,,,,,,,,,,,,,,,,,,,,,,,,,,,,,,,,,,,,,,,,,,,,,,,,,,,,,,,,,,,,,,,,,,,,,,,,,,,,,,,,,,,,,,,,,,,,,,,,,,,,,,,,,,,,,,,,,,,,,,,,,,,,,,,,,,,,,,,,,,,,,,,,,,,,,,,,,,,,,,,,,,,,,,,,,,,,,,,,,,,,,,,,,,,,,,,,,,,,,,,,,,,,,,,,,,,,,,,,,,,,,,,,,,,,,,,,,,,,,,,,,,,,,,,,,,,0.0
,,,,,,,,,,,,,,,,,,,,,,,,,,,,,,,,,,,,,,,,,,,,,,,,,,,,,,,,,,,,,,,,,,,,,,,,,,,,,,,,,,,,,,,,,,,,,,,,,,,,,,,,,,,,,,,,,,,,,,,,,,,,,,,,,,,,,,,,,,,,,,,,,,,,,,,,,,,,,,,,,,,,,,,,,,,,,,,,,,,,,,,,,,,,,,,,,,,,,,,,,,,,,,,,,,,,,,,,,,,,,,,,,,,,,,,,,,,,,,,,,,,,,,,,,,,,,,,,,,,,,,,,,,,,,,,,,,,,,,,,,,,,,,,,,,,,,,,,,,,,,,,,,,,,,,,,,,,,,,,,,,,,,,,,,,,,,,,,,,,,,,,,,,,,,,,,,,,,,,,,,,,,,,,,,,,,,,,,,,,,,,,,,,,,,,,,,,,,,,,,,,,,,,,,,,,,,,,,,,,,,,,,,,,,,,,,,,,,,,,,,,,,,,,,,,,,,,,,,,,,,,,,,,,,,,,,,,,,,,,,,,,,,,,,,,,,,,,,,,,,,,,,,,,,,,,,,,,,,,,,,,,,,,,,,,,,,,,,,0.0
,,,,,,,,,,,,,,,,,,,,,,,,,,,,,,,,,,,,,,,,,,,,,,,,,,,,,,,,,,,,,,,,,,,,,,,,,,,,,,,,,,,,,,,,,,,,,,,,,,,,,,,,,,,,,,,,,,,,,,,,,,,,,,,,,,,,,,,,,,,,,,,,,,,,,,,,,,,,,,,,,,,,,,,,,,,,,,,,,,,,,,,,,,,,,,,,,,,,,,,,,,,,,,,,,,,,,,,,,,,,,,,,,,,,,,,,,,,,,,,,,,,,,,,,,,,,,,,,,,,,,,,,,,,,,,,,,,,,,,,,,,,,,,,,,,,,,,,,,,,,,,,,,,,,,,,,,,,,,,,,,,,,,,,,,,,,,,,,,,,,,,,,,,,,,,,,,,,,,,,,,,,,,,,,,,,,,,,,,,,,,,,,,,,,,,,,,,,,,,,,,,,,,,,,,,,,,,,,,,,,,,,,,,,,,,,,,,,,,,,,,,,,,,,,,,,,,,,,,,,,,,,,,,,,,,,,,,,,,,,,,,,,,,,,,,,,,,,,,,,,,,,,,,,,,,,,,,,,,,,,,,,,,,,,,,,,,,,,,0.0
,,,,,,,,,,,,,,,,,,,,,,,,,,,,,,,,,,,,,,,,,,,,,,,,,,,,,,,,,,,,,,,,,,,,,,,,,,,,,,,,,,,,,,,,,,,,,,,,,,,,,,,,,,,,,,,,,,,,,,,,,,,,,,,,,,,,,,,,,,,,,,,,,,,,,,,,,,,,,,,,,,,,,,,,,,,,,,,,,,,,,,,,,,,,,,,,,,,,,,,,,,,,,,,,,,,,,,,,,,,,,,,,,,,,,,,,,,,,,,,,,,,,,,,,,,,,,,,,,,,,,,,,,,,,,,,,,,,,,,,,,,,,,,,,,,,,,,,,,,,,,,,,,,,,,,,,,,,,,,,,,,,,,,,,,,,,,,,,,,,,,,,,,,,,,,,,,,,,,,,,,,,,,,,,,,,,,,,,,,,,,,,,,,,,,,,,,,,,,,,,,,,,,,,,,,,,,,,,,,,,,,,,,,,,,,,,,,,,,,,,,,,,,,,,,,,,,,,,,,,,,,,,,,,,,,,,,,,,,,,,,,,,,,,,,,,,,,,,,,,,,,,,,,,,,,,,,,,,,,,,,,,,,,,,,,,,,,,,,0.0
,,,,,,,,,,,,,,,,,,,,,,,,,,,,,,,,,,,,,,,,,,,,,,,,,,,,,,,,,,,,,,,,,,,,,,,,,,,,,,,,,,,,,,,,,,,,,,,,,,,,,,,,,,,,,,,,,,,,,,,,,,,,,,,,,,,,,,,,,,,,,,,,,,,,,,,,,,,,,,,,,,,,,,,,,,,,,,,,,,,,,,,,,,,,,,,,,,,,,,,,,,,,,,,,,,,,,,,,,,,,,,,,,,,,,,,,,,,,,,,,,,,,,,,,,,,,,,,,,,,,,,,,,,,,,,,,,,,,,,,,,,,,,,,,,,,,,,,,,,,,,,,,,,,,,,,,,,,,,,,,,,,,,,,,,,,,,,,,,,,,,,,,,,,,,,,,,,,,,,,,,,,,,,,,,,,,,,,,,,,,,,,,,,,,,,,,,,,,,,,,,,,,,,,,,,,,,,,,,,,,,,,,,,,,,,,,,,,,,,,,,,,,,,,,,,,,,,,,,,,,,,,,,,,,,,,,,,,,,,,,,,,,,,,,,,,,,,,,,,,,,,,,,,,,,,,,,,,,,,,,,,,,,,,,,,,,,,,,,0.0
,,,,,,,,,,,,,,,,,,,,,,,,,,,,,,,,,,,,,,,,,,,,,,,,,,,,,,,,,,,,,,,,,,,,,,,,,,,,,,,,,,,,,,,,,,,,,,,,,,,,,,,,,,,,,,,,,,,,,,,,,,,,,,,,,,,,,,,,,,,,,,,,,,,,,,,,,,,,,,,,,,,,,,,,,,,,,,,,,,,,,,,,,,,,,,,,,,,,,,,,,,,,,,,,,,,,,,,,,,,,,,,,,,,,,,,,,,,,,,,,,,,,,,,,,,,,,,,,,,,,,,,,,,,,,,,,,,,,,,,,,,,,,,,,,,,,,,,,,,,,,,,,,,,,,,,,,,,,,,,,,,,,,,,,,,,,,,,,,,,,,,,,,,,,,,,,,,,,,,,,,,,,,,,,,,,,,,,,,,,,,,,,,,,,,,,,,,,,,,,,,,,,,,,,,,,,,,,,,,,,,,,,,,,,,,,,,,,,,,,,,,,,,,,,,,,,,,,,,,,,,,,,,,,,,,,,,,,,,,,,,,,,,,,,,,,,,,,,,,,,,,,,,,,,,,,,,,,,,,,,,,,,,,,,,,,,,,,,,0.0
,,,,,,,,,,,,,,,,,,,,,,,,,,,,,,,,,,,,,,,,,,,,,,,,,,,,,,,,,,,,,,,,,,,,,,,,,,,,,,,,,,,,,,,,,,,,,,,,,,,,,,,,,,,,,,,,,,,,,,,,,,,,,,,,,,,,,,,,,,,,,,,,,,,,,,,,,,,,,,,,,,,,,,,,,,,,,,,,,,,,,,,,,,,,,,,,,,,,,,,,,,,,,,,,,,,,,,,,,,,,,,,,,,,,,,,,,,,,,,,,,,,,,,,,,,,,,,,,,,,,,,,,,,,,,,,,,,,,,,,,,,,,,,,,,,,,,,,,,,,,,,,,,,,,,,,,,,,,,,,,,,,,,,,,,,,,,,,,,,,,,,,,,,,,,,,,,,,,,,,,,,,,,,,,,,,,,,,,,,,,,,,,,,,,,,,,,,,,,,,,,,,,,,,,,,,,,,,,,,,,,,,,,,,,,,,,,,,,,,,,,,,,,,,,,,,,,,,,,,,,,,,,,,,,,,,,,,,,,,,,,,,,,,,,,,,,,,,,,,,,,,,,,,,,,,,,,,,,,,,,,,,,,,,,,,,,,,,,,0.0
,,,,,,,,,,,,,,,,,,,,,,,,,,,,,,,,,,,,,,,,,,,,,,,,,,,,,,,,,,,,,,,,,,,,,,,,,,,,,,,,,,,,,,,,,,,,,,,,,,,,,,,,,,,,,,,,,,,,,,,,,,,,,,,,,,,,,,,,,,,,,,,,,,,,,,,,,,,,,,,,,,,,,,,,,,,,,,,,,,,,,,,,,,,,,,,,,,,,,,,,,,,,,,,,,,,,,,,,,,,,,,,,,,,,,,,,,,,,,,,,,,,,,,,,,,,,,,,,,,,,,,,,,,,,,,,,,,,,,,,,,,,,,,,,,,,,,,,,,,,,,,,,,,,,,,,,,,,,,,,,,,,,,,,,,,,,,,,,,,,,,,,,,,,,,,,,,,,,,,,,,,,,,,,,,,,,,,,,,,,,,,,,,,,,,,,,,,,,,,,,,,,,,,,,,,,,,,,,,,,,,,,,,,,,,,,,,,,,,,,,,,,,,,,,,,,,,,,,,,,,,,,,,,,,,,,,,,,,,,,,,,,,,,,,,,,,,,,,,,,,,,,,,,,,,,,,,,,,,,,,,,,,,,,,,,,,,,,,,0.0
,,,,,,,,,,,,,,,,,,,,,,,,,,,,,,,,,,,,,,,,,,,,,,,,,,,,,,,,,,,,,,,,,,,,,,,,,,,,,,,,,,,,,,,,,,,,,,,,,,,,,,,,,,,,,,,,,,,,,,,,,,,,,,,,,,,,,,,,,,,,,,,,,,,,,,,,,,,,,,,,,,,,,,,,,,,,,,,,,,,,,,,,,,,,,,,,,,,,,,,,,,,,,,,,,,,,,,,,,,,,,,,,,,,,,,,,,,,,,,,,,,,,,,,,,,,,,,,,,,,,,,,,,,,,,,,,,,,,,,,,,,,,,,,,,,,,,,,,,,,,,,,,,,,,,,,,,,,,,,,,,,,,,,,,,,,,,,,,,,,,,,,,,,,,,,,,,,,,,,,,,,,,,,,,,,,,,,,,,,,,,,,,,,,,,,,,,,,,,,,,,,,,,,,,,,,,,,,,,,,,,,,,,,,,,,,,,,,,,,,,,,,,,,,,,,,,,,,,,,,,,,,,,,,,,,,,,,,,,,,,,,,,,,,,,,,,,,,,,,,,,,,,,,,,,,,,,,,,,,,,,,,,,,,,,,,,,,,,,0.0
,,,,,,,,,,,,,,,,,,,,,,,,,,,,,,,,,,,,,,,,,,,,,,,,,,,,,,,,,,,,,,,,,,,,,,,,,,,,,,,,,,,,,,,,,,,,,,,,,,,,,,,,,,,,,,,,,,,,,,,,,,,,,,,,,,,,,,,,,,,,,,,,,,,,,,,,,,,,,,,,,,,,,,,,,,,,,,,,,,,,,,,,,,,,,,,,,,,,,,,,,,,,,,,,,,,,,,,,,,,,,,,,,,,,,,,,,,,,,,,,,,,,,,,,,,,,,,,,,,,,,,,,,,,,,,,,,,,,,,,,,,,,,,,,,,,,,,,,,,,,,,,,,,,,,,,,,,,,,,,,,,,,,,,,,,,,,,,,,,,,,,,,,,,,,,,,,,,,,,,,,,,,,,,,,,,,,,,,,,,,,,,,,,,,,,,,,,,,,,,,,,,,,,,,,,,,,,,,,,,,,,,,,,,,,,,,,,,,,,,,,,,,,,,,,,,,,,,,,,,,,,,,,,,,,,,,,,,,,,,,,,,,,,,,,,,,,,,,,,,,,,,,,,,,,,,,,,,,,,,,,,,,,,,,,,,,,,,,,0.0
,,,,,,,,,,,,,,,,,,,,,,,,,,,,,,,,,,,,,,,,,,,,,,,,,,,,,,,,,,,,,,,,,,,,,,,,,,,,,,,,,,,,,,,,,,,,,,,,,,,,,,,,,,,,,,,,,,,,,,,,,,,,,,,,,,,,,,,,,,,,,,,,,,,,,,,,,,,,,,,,,,,,,,,,,,,,,,,,,,,,,,,,,,,,,,,,,,,,,,,,,,,,,,,,,,,,,,,,,,,,,,,,,,,,,,,,,,,,,,,,,,,,,,,,,,,,,,,,,,,,,,,,,,,,,,,,,,,,,,,,,,,,,,,,,,,,,,,,,,,,,,,,,,,,,,,,,,,,,,,,,,,,,,,,,,,,,,,,,,,,,,,,,,,,,,,,,,,,,,,,,,,,,,,,,,,,,,,,,,,,,,,,,,,,,,,,,,,,,,,,,,,,,,,,,,,,,,,,,,,,,,,,,,,,,,,,,,,,,,,,,,,,,,,,,,,,,,,,,,,,,,,,,,,,,,,,,,,,,,,,,,,,,,,,,,,,,,,,,,,,,,,,,,,,,,,,,,,,,,,,,,,,,,,,,,,,,,,,,0.0
,,,,,,,,,,,,,,,,,,,,,,,,,,,,,,,,,,,,,,,,,,,,,,,,,,,,,,,,,,,,,,,,,,,,,,,,,,,,,,,,,,,,,,,,,,,,,,,,,,,,,,,,,,,,,,,,,,,,,,,,,,,,,,,,,,,,,,,,,,,,,,,,,,,,,,,,,,,,,,,,,,,,,,,,,,,,,,,,,,,,,,,,,,,,,,,,,,,,,,,,,,,,,,,,,,,,,,,,,,,,,,,,,,,,,,,,,,,,,,,,,,,,,,,,,,,,,,,,,,,,,,,,,,,,,,,,,,,,,,,,,,,,,,,,,,,,,,,,,,,,,,,,,,,,,,,,,,,,,,,,,,,,,,,,,,,,,,,,,,,,,,,,,,,,,,,,,,,,,,,,,,,,,,,,,,,,,,,,,,,,,,,,,,,,,,,,,,,,,,,,,,,,,,,,,,,,,,,,,,,,,,,,,,,,,,,,,,,,,,,,,,,,,,,,,,,,,,,,,,,,,,,,,,,,,,,,,,,,,,,,,,,,,,,,,,,,,,,,,,,,,,,,,,,,,,,,,,,,,,,,,,,,,,,,,,,,,,,,,0.0
,,,,,,,,,,,,,,,,,,,,,,,,,,,,,,,,,,,,,,,,,,,,,,,,,,,,,,,,,,,,,,,,,,,,,,,,,,,,,,,,,,,,,,,,,,,,,,,,,,,,,,,,,,,,,,,,,,,,,,,,,,,,,,,,,,,,,,,,,,,,,,,,,,,,,,,,,,,,,,,,,,,,,,,,,,,,,,,,,,,,,,,,,,,,,,,,,,,,,,,,,,,,,,,,,,,,,,,,,,,,,,,,,,,,,,,,,,,,,,,,,,,,,,,,,,,,,,,,,,,,,,,,,,,,,,,,,,,,,,,,,,,,,,,,,,,,,,,,,,,,,,,,,,,,,,,,,,,,,,,,,,,,,,,,,,,,,,,,,,,,,,,,,,,,,,,,,,,,,,,,,,,,,,,,,,,,,,,,,,,,,,,,,,,,,,,,,,,,,,,,,,,,,,,,,,,,,,,,,,,,,,,,,,,,,,,,,,,,,,,,,,,,,,,,,,,,,,,,,,,,,,,,,,,,,,,,,,,,,,,,,,,,,,,,,,,,,,,,,,,,,,,,,,,,,,,,,,,,,,,,,,,,,,,,,,,,,,,,,0.0
,,,,,,,,,,,,,,,,,,,,,,,,,,,,,,,,,,,,,,,,,,,,,,,,,,,,,,,,,,,,,,,,,,,,,,,,,,,,,,,,,,,,,,,,,,,,,,,,,,,,,,,,,,,,,,,,,,,,,,,,,,,,,,,,,,,,,,,,,,,,,,,,,,,,,,,,,,,,,,,,,,,,,,,,,,,,,,,,,,,,,,,,,,,,,,,,,,,,,,,,,,,,,,,,,,,,,,,,,,,,,,,,,,,,,,,,,,,,,,,,,,,,,,,,,,,,,,,,,,,,,,,,,,,,,,,,,,,,,,,,,,,,,,,,,,,,,,,,,,,,,,,,,,,,,,,,,,,,,,,,,,,,,,,,,,,,,,,,,,,,,,,,,,,,,,,,,,,,,,,,,,,,,,,,,,,,,,,,,,,,,,,,,,,,,,,,,,,,,,,,,,,,,,,,,,,,,,,,,,,,,,,,,,,,,,,,,,,,,,,,,,,,,,,,,,,,,,,,,,,,,,,,,,,,,,,,,,,,,,,,,,,,,,,,,,,,,,,,,,,,,,,,,,,,,,,,,,,,,,,,,,,,,,,,,,,,,,,,,0.0
,,,,,,,,,,,,,,,,,,,,,,,,,,,,,,,,,,,,,,,,,,,,,,,,,,,,,,,,,,,,,,,,,,,,,,,,,,,,,,,,,,,,,,,,,,,,,,,,,,,,,,,,,,,,,,,,,,,,,,,,,,,,,,,,,,,,,,,,,,,,,,,,,,,,,,,,,,,,,,,,,,,,,,,,,,,,,,,,,,,,,,,,,,,,,,,,,,,,,,,,,,,,,,,,,,,,,,,,,,,,,,,,,,,,,,,,,,,,,,,,,,,,,,,,,,,,,,,,,,,,,,,,,,,,,,,,,,,,,,,,,,,,,,,,,,,,,,,,,,,,,,,,,,,,,,,,,,,,,,,,,,,,,,,,,,,,,,,,,,,,,,,,,,,,,,,,,,,,,,,,,,,,,,,,,,,,,,,,,,,,,,,,,,,,,,,,,,,,,,,,,,,,,,,,,,,,,,,,,,,,,,,,,,,,,,,,,,,,,,,,,,,,,,,,,,,,,,,,,,,,,,,,,,,,,,,,,,,,,,,,,,,,,,,,,,,,,,,,,,,,,,,,,,,,,,,,,,,,,,,,,,,,,,,,,,,,,,,,,0.0
,,,,,,,,,,,,,,,,,,,,,,,,,,,,,,,,,,,,,,,,,,,,,,,,,,,,,,,,,,,,,,,,,,,,,,,,,,,,,,,,,,,,,,,,,,,,,,,,,,,,,,,,,,,,,,,,,,,,,,,,,,,,,,,,,,,,,,,,,,,,,,,,,,,,,,,,,,,,,,,,,,,,,,,,,,,,,,,,,,,,,,,,,,,,,,,,,,,,,,,,,,,,,,,,,,,,,,,,,,,,,,,,,,,,,,,,,,,,,,,,,,,,,,,,,,,,,,,,,,,,,,,,,,,,,,,,,,,,,,,,,,,,,,,,,,,,,,,,,,,,,,,,,,,,,,,,,,,,,,,,,,,,,,,,,,,,,,,,,,,,,,,,,,,,,,,,,,,,,,,,,,,,,,,,,,,,,,,,,,,,,,,,,,,,,,,,,,,,,,,,,,,,,,,,,,,,,,,,,,,,,,,,,,,,,,,,,,,,,,,,,,,,,,,,,,,,,,,,,,,,,,,,,,,,,,,,,,,,,,,,,,,,,,,,,,,,,,,,,,,,,,,,,,,,,,,,,,,,,,,,,,,,,,,,,,,,,,,,,0.0
,,,,,,,,,,,,,,,,,,,,,,,,,,,,,,,,,,,,,,,,,,,,,,,,,,,,,,,,,,,,,,,,,,,,,,,,,,,,,,,,,,,,,,,,,,,,,,,,,,,,,,,,,,,,,,,,,,,,,,,,,,,,,,,,,,,,,,,,,,,,,,,,,,,,,,,,,,,,,,,,,,,,,,,,,,,,,,,,,,,,,,,,,,,,,,,,,,,,,,,,,,,,,,,,,,,,,,,,,,,,,,,,,,,,,,,,,,,,,,,,,,,,,,,,,,,,,,,,,,,,,,,,,,,,,,,,,,,,,,,,,,,,,,,,,,,,,,,,,,,,,,,,,,,,,,,,,,,,,,,,,,,,,,,,,,,,,,,,,,,,,,,,,,,,,,,,,,,,,,,,,,,,,,,,,,,,,,,,,,,,,,,,,,,,,,,,,,,,,,,,,,,,,,,,,,,,,,,,,,,,,,,,,,,,,,,,,,,,,,,,,,,,,,,,,,,,,,,,,,,,,,,,,,,,,,,,,,,,,,,,,,,,,,,,,,,,,,,,,,,,,,,,,,,,,,,,,,,,,,,,,,,,,,,,,,,,,,,,,0.0
,,,,,,,,,,,,,,,,,,,,,,,,,,,,,,,,,,,,,,,,,,,,,,,,,,,,,,,,,,,,,,,,,,,,,,,,,,,,,,,,,,,,,,,,,,,,,,,,,,,,,,,,,,,,,,,,,,,,,,,,,,,,,,,,,,,,,,,,,,,,,,,,,,,,,,,,,,,,,,,,,,,,,,,,,,,,,,,,,,,,,,,,,,,,,,,,,,,,,,,,,,,,,,,,,,,,,,,,,,,,,,,,,,,,,,,,,,,,,,,,,,,,,,,,,,,,,,,,,,,,,,,,,,,,,,,,,,,,,,,,,,,,,,,,,,,,,,,,,,,,,,,,,,,,,,,,,,,,,,,,,,,,,,,,,,,,,,,,,,,,,,,,,,,,,,,,,,,,,,,,,,,,,,,,,,,,,,,,,,,,,,,,,,,,,,,,,,,,,,,,,,,,,,,,,,,,,,,,,,,,,,,,,,,,,,,,,,,,,,,,,,,,,,,,,,,,,,,,,,,,,,,,,,,,,,,,,,,,,,,,,,,,,,,,,,,,,,,,,,,,,,,,,,,,,,,,,,,,,,,,,,,,,,,,,,,,,,,,,0.0
,,,,,,,,,,,,,,,,,,,,,,,,,,,,,,,,,,,,,,,,,,,,,,,,,,,,,,,,,,,,,,,,,,,,,,,,,,,,,,,,,,,,,,,,,,,,,,,,,,,,,,,,,,,,,,,,,,,,,,,,,,,,,,,,,,,,,,,,,,,,,,,,,,,,,,,,,,,,,,,,,,,,,,,,,,,,,,,,,,,,,,,,,,,,,,,,,,,,,,,,,,,,,,,,,,,,,,,,,,,,,,,,,,,,,,,,,,,,,,,,,,,,,,,,,,,,,,,,,,,,,,,,,,,,,,,,,,,,,,,,,,,,,,,,,,,,,,,,,,,,,,,,,,,,,,,,,,,,,,,,,,,,,,,,,,,,,,,,,,,,,,,,,,,,,,,,,,,,,,,,,,,,,,,,,,,,,,,,,,,,,,,,,,,,,,,,,,,,,,,,,,,,,,,,,,,,,,,,,,,,,,,,,,,,,,,,,,,,,,,,,,,,,,,,,,,,,,,,,,,,,,,,,,,,,,,,,,,,,,,,,,,,,,,,,,,,,,,,,,,,,,,,,,,,,,,,,,,,,,,,,,,,,,,,,,,,,,,,,0.0
,,,,,,,,,,,,,,,,,,,,,,,,,,,,,,,,,,,,,,,,,,,,,,,,,,,,,,,,,,,,,,,,,,,,,,,,,,,,,,,,,,,,,,,,,,,,,,,,,,,,,,,,,,,,,,,,,,,,,,,,,,,,,,,,,,,,,,,,,,,,,,,,,,,,,,,,,,,,,,,,,,,,,,,,,,,,,,,,,,,,,,,,,,,,,,,,,,,,,,,,,,,,,,,,,,,,,,,,,,,,,,,,,,,,,,,,,,,,,,,,,,,,,,,,,,,,,,,,,,,,,,,,,,,,,,,,,,,,,,,,,,,,,,,,,,,,,,,,,,,,,,,,,,,,,,,,,,,,,,,,,,,,,,,,,,,,,,,,,,,,,,,,,,,,,,,,,,,,,,,,,,,,,,,,,,,,,,,,,,,,,,,,,,,,,,,,,,,,,,,,,,,,,,,,,,,,,,,,,,,,,,,,,,,,,,,,,,,,,,,,,,,,,,,,,,,,,,,,,,,,,,,,,,,,,,,,,,,,,,,,,,,,,,,,,,,,,,,,,,,,,,,,,,,,,,,,,,,,,,,,,,,,,,,,,,,,,,,,,0.0
,,,,,,,,,,,,,,,,,,,,,,,,,,,,,,,,,,,,,,,,,,,,,,,,,,,,,,,,,,,,,,,,,,,,,,,,,,,,,,,,,,,,,,,,,,,,,,,,,,,,,,,,,,,,,,,,,,,,,,,,,,,,,,,,,,,,,,,,,,,,,,,,,,,,,,,,,,,,,,,,,,,,,,,,,,,,,,,,,,,,,,,,,,,,,,,,,,,,,,,,,,,,,,,,,,,,,,,,,,,,,,,,,,,,,,,,,,,,,,,,,,,,,,,,,,,,,,,,,,,,,,,,,,,,,,,,,,,,,,,,,,,,,,,,,,,,,,,,,,,,,,,,,,,,,,,,,,,,,,,,,,,,,,,,,,,,,,,,,,,,,,,,,,,,,,,,,,,,,,,,,,,,,,,,,,,,,,,,,,,,,,,,,,,,,,,,,,,,,,,,,,,,,,,,,,,,,,,,,,,,,,,,,,,,,,,,,,,,,,,,,,,,,,,,,,,,,,,,,,,,,,,,,,,,,,,,,,,,,,,,,,,,,,,,,,,,,,,,,,,,,,,,,,,,,,,,,,,,,,,,,,,,,,,,,,,,,,,,,0.0
,,,,,,,,,,,,,,,,,,,,,,,,,,,,,,,,,,,,,,,,,,,,,,,,,,,,,,,,,,,,,,,,,,,,,,,,,,,,,,,,,,,,,,,,,,,,,,,,,,,,,,,,,,,,,,,,,,,,,,,,,,,,,,,,,,,,,,,,,,,,,,,,,,,,,,,,,,,,,,,,,,,,,,,,,,,,,,,,,,,,,,,,,,,,,,,,,,,,,,,,,,,,,,,,,,,,,,,,,,,,,,,,,,,,,,,,,,,,,,,,,,,,,,,,,,,,,,,,,,,,,,,,,,,,,,,,,,,,,,,,,,,,,,,,,,,,,,,,,,,,,,,,,,,,,,,,,,,,,,,,,,,,,,,,,,,,,,,,,,,,,,,,,,,,,,,,,,,,,,,,,,,,,,,,,,,,,,,,,,,,,,,,,,,,,,,,,,,,,,,,,,,,,,,,,,,,,,,,,,,,,,,,,,,,,,,,,,,,,,,,,,,,,,,,,,,,,,,,,,,,,,,,,,,,,,,,,,,,,,,,,,,,,,,,,,,,,,,,,,,,,,,,,,,,,,,,,,,,,,,,,,,,,,,,,,,,,,,,,0.0
,,,,,,,,,,,,,,,,,,,,,,,,,,,,,,,,,,,,,,,,,,,,,,,,,,,,,,,,,,,,,,,,,,,,,,,,,,,,,,,,,,,,,,,,,,,,,,,,,,,,,,,,,,,,,,,,,,,,,,,,,,,,,,,,,,,,,,,,,,,,,,,,,,,,,,,,,,,,,,,,,,,,,,,,,,,,,,,,,,,,,,,,,,,,,,,,,,,,,,,,,,,,,,,,,,,,,,,,,,,,,,,,,,,,,,,,,,,,,,,,,,,,,,,,,,,,,,,,,,,,,,,,,,,,,,,,,,,,,,,,,,,,,,,,,,,,,,,,,,,,,,,,,,,,,,,,,,,,,,,,,,,,,,,,,,,,,,,,,,,,,,,,,,,,,,,,,,,,,,,,,,,,,,,,,,,,,,,,,,,,,,,,,,,,,,,,,,,,,,,,,,,,,,,,,,,,,,,,,,,,,,,,,,,,,,,,,,,,,,,,,,,,,,,,,,,,,,,,,,,,,,,,,,,,,,,,,,,,,,,,,,,,,,,,,,,,,,,,,,,,,,,,,,,,,,,,,,,,,,,,,,,,,,,,,,,,,,,,,0.0
,,,,,,,,,,,,,,,,,,,,,,,,,,,,,,,,,,,,,,,,,,,,,,,,,,,,,,,,,,,,,,,,,,,,,,,,,,,,,,,,,,,,,,,,,,,,,,,,,,,,,,,,,,,,,,,,,,,,,,,,,,,,,,,,,,,,,,,,,,,,,,,,,,,,,,,,,,,,,,,,,,,,,,,,,,,,,,,,,,,,,,,,,,,,,,,,,,,,,,,,,,,,,,,,,,,,,,,,,,,,,,,,,,,,,,,,,,,,,,,,,,,,,,,,,,,,,,,,,,,,,,,,,,,,,,,,,,,,,,,,,,,,,,,,,,,,,,,,,,,,,,,,,,,,,,,,,,,,,,,,,,,,,,,,,,,,,,,,,,,,,,,,,,,,,,,,,,,,,,,,,,,,,,,,,,,,,,,,,,,,,,,,,,,,,,,,,,,,,,,,,,,,,,,,,,,,,,,,,,,,,,,,,,,,,,,,,,,,,,,,,,,,,,,,,,,,,,,,,,,,,,,,,,,,,,,,,,,,,,,,,,,,,,,,,,,,,,,,,,,,,,,,,,,,,,,,,,,,,,,,,,,,,,,,,,,,,,,,,0.0
,,,,,,,,,,,,,,,,,,,,,,,,,,,,,,,,,,,,,,,,,,,,,,,,,,,,,,,,,,,,,,,,,,,,,,,,,,,,,,,,,,,,,,,,,,,,,,,,,,,,,,,,,,,,,,,,,,,,,,,,,,,,,,,,,,,,,,,,,,,,,,,,,,,,,,,,,,,,,,,,,,,,,,,,,,,,,,,,,,,,,,,,,,,,,,,,,,,,,,,,,,,,,,,,,,,,,,,,,,,,,,,,,,,,,,,,,,,,,,,,,,,,,,,,,,,,,,,,,,,,,,,,,,,,,,,,,,,,,,,,,,,,,,,,,,,,,,,,,,,,,,,,,,,,,,,,,,,,,,,,,,,,,,,,,,,,,,,,,,,,,,,,,,,,,,,,,,,,,,,,,,,,,,,,,,,,,,,,,,,,,,,,,,,,,,,,,,,,,,,,,,,,,,,,,,,,,,,,,,,,,,,,,,,,,,,,,,,,,,,,,,,,,,,,,,,,,,,,,,,,,,,,,,,,,,,,,,,,,,,,,,,,,,,,,,,,,,,,,,,,,,,,,,,,,,,,,,,,,,,,,,,,,,,,,,,,,,,,,0.0
,,,,,,,,,,,,,,,,,,,,,,,,,,,,,,,,,,,,,,,,,,,,,,,,,,,,,,,,,,,,,,,,,,,,,,,,,,,,,,,,,,,,,,,,,,,,,,,,,,,,,,,,,,,,,,,,,,,,,,,,,,,,,,,,,,,,,,,,,,,,,,,,,,,,,,,,,,,,,,,,,,,,,,,,,,,,,,,,,,,,,,,,,,,,,,,,,,,,,,,,,,,,,,,,,,,,,,,,,,,,,,,,,,,,,,,,,,,,,,,,,,,,,,,,,,,,,,,,,,,,,,,,,,,,,,,,,,,,,,,,,,,,,,,,,,,,,,,,,,,,,,,,,,,,,,,,,,,,,,,,,,,,,,,,,,,,,,,,,,,,,,,,,,,,,,,,,,,,,,,,,,,,,,,,,,,,,,,,,,,,,,,,,,,,,,,,,,,,,,,,,,,,,,,,,,,,,,,,,,,,,,,,,,,,,,,,,,,,,,,,,,,,,,,,,,,,,,,,,,,,,,,,,,,,,,,,,,,,,,,,,,,,,,,,,,,,,,,,,,,,,,,,,,,,,,,,,,,,,,,,,,,,,,,,,,,,,,,,,0.0
,,,,,,,,,,,,,,,,,,,,,,,,,,,,,,,,,,,,,,,,,,,,,,,,,,,,,,,,,,,,,,,,,,,,,,,,,,,,,,,,,,,,,,,,,,,,,,,,,,,,,,,,,,,,,,,,,,,,,,,,,,,,,,,,,,,,,,,,,,,,,,,,,,,,,,,,,,,,,,,,,,,,,,,,,,,,,,,,,,,,,,,,,,,,,,,,,,,,,,,,,,,,,,,,,,,,,,,,,,,,,,,,,,,,,,,,,,,,,,,,,,,,,,,,,,,,,,,,,,,,,,,,,,,,,,,,,,,,,,,,,,,,,,,,,,,,,,,,,,,,,,,,,,,,,,,,,,,,,,,,,,,,,,,,,,,,,,,,,,,,,,,,,,,,,,,,,,,,,,,,,,,,,,,,,,,,,,,,,,,,,,,,,,,,,,,,,,,,,,,,,,,,,,,,,,,,,,,,,,,,,,,,,,,,,,,,,,,,,,,,,,,,,,,,,,,,,,,,,,,,,,,,,,,,,,,,,,,,,,,,,,,,,,,,,,,,,,,,,,,,,,,,,,,,,,,,,,,,,,,,,,,,,,,,,,,,,,,,,0.0
,,,,,,,,,,,,,,,,,,,,,,,,,,,,,,,,,,,,,,,,,,,,,,,,,,,,,,,,,,,,,,,,,,,,,,,,,,,,,,,,,,,,,,,,,,,,,,,,,,,,,,,,,,,,,,,,,,,,,,,,,,,,,,,,,,,,,,,,,,,,,,,,,,,,,,,,,,,,,,,,,,,,,,,,,,,,,,,,,,,,,,,,,,,,,,,,,,,,,,,,,,,,,,,,,,,,,,,,,,,,,,,,,,,,,,,,,,,,,,,,,,,,,,,,,,,,,,,,,,,,,,,,,,,,,,,,,,,,,,,,,,,,,,,,,,,,,,,,,,,,,,,,,,,,,,,,,,,,,,,,,,,,,,,,,,,,,,,,,,,,,,,,,,,,,,,,,,,,,,,,,,,,,,,,,,,,,,,,,,,,,,,,,,,,,,,,,,,,,,,,,,,,,,,,,,,,,,,,,,,,,,,,,,,,,,,,,,,,,,,,,,,,,,,,,,,,,,,,,,,,,,,,,,,,,,,,,,,,,,,,,,,,,,,,,,,,,,,,,,,,,,,,,,,,,,,,,,,,,,,,,,,,,,,,,,,,,,,,,0.0
,,,,,,,,,,,,,,,,,,,,,,,,,,,,,,,,,,,,,,,,,,,,,,,,,,,,,,,,,,,,,,,,,,,,,,,,,,,,,,,,,,,,,,,,,,,,,,,,,,,,,,,,,,,,,,,,,,,,,,,,,,,,,,,,,,,,,,,,,,,,,,,,,,,,,,,,,,,,,,,,,,,,,,,,,,,,,,,,,,,,,,,,,,,,,,,,,,,,,,,,,,,,,,,,,,,,,,,,,,,,,,,,,,,,,,,,,,,,,,,,,,,,,,,,,,,,,,,,,,,,,,,,,,,,,,,,,,,,,,,,,,,,,,,,,,,,,,,,,,,,,,,,,,,,,,,,,,,,,,,,,,,,,,,,,,,,,,,,,,,,,,,,,,,,,,,,,,,,,,,,,,,,,,,,,,,,,,,,,,,,,,,,,,,,,,,,,,,,,,,,,,,,,,,,,,,,,,,,,,,,,,,,,,,,,,,,,,,,,,,,,,,,,,,,,,,,,,,,,,,,,,,,,,,,,,,,,,,,,,,,,,,,,,,,,,,,,,,,,,,,,,,,,,,,,,,,,,,,,,,,,,,,,,,,,,,,,,,,,0.0
,,,,,,,,,,,,,,,,,,,,,,,,,,,,,,,,,,,,,,,,,,,,,,,,,,,,,,,,,,,,,,,,,,,,,,,,,,,,,,,,,,,,,,,,,,,,,,,,,,,,,,,,,,,,,,,,,,,,,,,,,,,,,,,,,,,,,,,,,,,,,,,,,,,,,,,,,,,,,,,,,,,,,,,,,,,,,,,,,,,,,,,,,,,,,,,,,,,,,,,,,,,,,,,,,,,,,,,,,,,,,,,,,,,,,,,,,,,,,,,,,,,,,,,,,,,,,,,,,,,,,,,,,,,,,,,,,,,,,,,,,,,,,,,,,,,,,,,,,,,,,,,,,,,,,,,,,,,,,,,,,,,,,,,,,,,,,,,,,,,,,,,,,,,,,,,,,,,,,,,,,,,,,,,,,,,,,,,,,,,,,,,,,,,,,,,,,,,,,,,,,,,,,,,,,,,,,,,,,,,,,,,,,,,,,,,,,,,,,,,,,,,,,,,,,,,,,,,,,,,,,,,,,,,,,,,,,,,,,,,,,,,,,,,,,,,,,,,,,,,,,,,,,,,,,,,,,,,,,,,,,,,,,,,,,,,,,,,,,0.0
,,,,,,,,,,,,,,,,,,,,,,,,,,,,,,,,,,,,,,,,,,,,,,,,,,,,,,,,,,,,,,,,,,,,,,,,,,,,,,,,,,,,,,,,,,,,,,,,,,,,,,,,,,,,,,,,,,,,,,,,,,,,,,,,,,,,,,,,,,,,,,,,,,,,,,,,,,,,,,,,,,,,,,,,,,,,,,,,,,,,,,,,,,,,,,,,,,,,,,,,,,,,,,,,,,,,,,,,,,,,,,,,,,,,,,,,,,,,,,,,,,,,,,,,,,,,,,,,,,,,,,,,,,,,,,,,,,,,,,,,,,,,,,,,,,,,,,,,,,,,,,,,,,,,,,,,,,,,,,,,,,,,,,,,,,,,,,,,,,,,,,,,,,,,,,,,,,,,,,,,,,,,,,,,,,,,,,,,,,,,,,,,,,,,,,,,,,,,,,,,,,,,,,,,,,,,,,,,,,,,,,,,,,,,,,,,,,,,,,,,,,,,,,,,,,,,,,,,,,,,,,,,,,,,,,,,,,,,,,,,,,,,,,,,,,,,,,,,,,,,,,,,,,,,,,,,,,,,,,,,,,,,,,,,,,,,,,,,,0.0
,,,,,,,,,,,,,,,,,,,,,,,,,,,,,,,,,,,,,,,,,,,,,,,,,,,,,,,,,,,,,,,,,,,,,,,,,,,,,,,,,,,,,,,,,,,,,,,,,,,,,,,,,,,,,,,,,,,,,,,,,,,,,,,,,,,,,,,,,,,,,,,,,,,,,,,,,,,,,,,,,,,,,,,,,,,,,,,,,,,,,,,,,,,,,,,,,,,,,,,,,,,,,,,,,,,,,,,,,,,,,,,,,,,,,,,,,,,,,,,,,,,,,,,,,,,,,,,,,,,,,,,,,,,,,,,,,,,,,,,,,,,,,,,,,,,,,,,,,,,,,,,,,,,,,,,,,,,,,,,,,,,,,,,,,,,,,,,,,,,,,,,,,,,,,,,,,,,,,,,,,,,,,,,,,,,,,,,,,,,,,,,,,,,,,,,,,,,,,,,,,,,,,,,,,,,,,,,,,,,,,,,,,,,,,,,,,,,,,,,,,,,,,,,,,,,,,,,,,,,,,,,,,,,,,,,,,,,,,,,,,,,,,,,,,,,,,,,,,,,,,,,,,,,,,,,,,,,,,,,,,,,,,,,,,,,,,,,,,0.0
,,,,,,,,,,,,,,,,,,,,,,,,,,,,,,,,,,,,,,,,,,,,,,,,,,,,,,,,,,,,,,,,,,,,,,,,,,,,,,,,,,,,,,,,,,,,,,,,,,,,,,,,,,,,,,,,,,,,,,,,,,,,,,,,,,,,,,,,,,,,,,,,,,,,,,,,,,,,,,,,,,,,,,,,,,,,,,,,,,,,,,,,,,,,,,,,,,,,,,,,,,,,,,,,,,,,,,,,,,,,,,,,,,,,,,,,,,,,,,,,,,,,,,,,,,,,,,,,,,,,,,,,,,,,,,,,,,,,,,,,,,,,,,,,,,,,,,,,,,,,,,,,,,,,,,,,,,,,,,,,,,,,,,,,,,,,,,,,,,,,,,,,,,,,,,,,,,,,,,,,,,,,,,,,,,,,,,,,,,,,,,,,,,,,,,,,,,,,,,,,,,,,,,,,,,,,,,,,,,,,,,,,,,,,,,,,,,,,,,,,,,,,,,,,,,,,,,,,,,,,,,,,,,,,,,,,,,,,,,,,,,,,,,,,,,,,,,,,,,,,,,,,,,,,,,,,,,,,,,,,,,,,,,,,,,,,,,,,,0.0
,,,,,,,,,,,,,,,,,,,,,,,,,,,,,,,,,,,,,,,,,,,,,,,,,,,,,,,,,,,,,,,,,,,,,,,,,,,,,,,,,,,,,,,,,,,,,,,,,,,,,,,,,,,,,,,,,,,,,,,,,,,,,,,,,,,,,,,,,,,,,,,,,,,,,,,,,,,,,,,,,,,,,,,,,,,,,,,,,,,,,,,,,,,,,,,,,,,,,,,,,,,,,,,,,,,,,,,,,,,,,,,,,,,,,,,,,,,,,,,,,,,,,,,,,,,,,,,,,,,,,,,,,,,,,,,,,,,,,,,,,,,,,,,,,,,,,,,,,,,,,,,,,,,,,,,,,,,,,,,,,,,,,,,,,,,,,,,,,,,,,,,,,,,,,,,,,,,,,,,,,,,,,,,,,,,,,,,,,,,,,,,,,,,,,,,,,,,,,,,,,,,,,,,,,,,,,,,,,,,,,,,,,,,,,,,,,,,,,,,,,,,,,,,,,,,,,,,,,,,,,,,,,,,,,,,,,,,,,,,,,,,,,,,,,,,,,,,,,,,,,,,,,,,,,,,,,,,,,,,,,,,,,,,,,,,,,,,,,0.0
,,,,,,,,,,,,,,,,,,,,,,,,,,,,,,,,,,,,,,,,,,,,,,,,,,,,,,,,,,,,,,,,,,,,,,,,,,,,,,,,,,,,,,,,,,,,,,,,,,,,,,,,,,,,,,,,,,,,,,,,,,,,,,,,,,,,,,,,,,,,,,,,,,,,,,,,,,,,,,,,,,,,,,,,,,,,,,,,,,,,,,,,,,,,,,,,,,,,,,,,,,,,,,,,,,,,,,,,,,,,,,,,,,,,,,,,,,,,,,,,,,,,,,,,,,,,,,,,,,,,,,,,,,,,,,,,,,,,,,,,,,,,,,,,,,,,,,,,,,,,,,,,,,,,,,,,,,,,,,,,,,,,,,,,,,,,,,,,,,,,,,,,,,,,,,,,,,,,,,,,,,,,,,,,,,,,,,,,,,,,,,,,,,,,,,,,,,,,,,,,,,,,,,,,,,,,,,,,,,,,,,,,,,,,,,,,,,,,,,,,,,,,,,,,,,,,,,,,,,,,,,,,,,,,,,,,,,,,,,,,,,,,,,,,,,,,,,,,,,,,,,,,,,,,,,,,,,,,,,,,,,,,,,,,,,,,,,,,,0.0
,,,,,,,,,,,,,,,,,,,,,,,,,,,,,,,,,,,,,,,,,,,,,,,,,,,,,,,,,,,,,,,,,,,,,,,,,,,,,,,,,,,,,,,,,,,,,,,,,,,,,,,,,,,,,,,,,,,,,,,,,,,,,,,,,,,,,,,,,,,,,,,,,,,,,,,,,,,,,,,,,,,,,,,,,,,,,,,,,,,,,,,,,,,,,,,,,,,,,,,,,,,,,,,,,,,,,,,,,,,,,,,,,,,,,,,,,,,,,,,,,,,,,,,,,,,,,,,,,,,,,,,,,,,,,,,,,,,,,,,,,,,,,,,,,,,,,,,,,,,,,,,,,,,,,,,,,,,,,,,,,,,,,,,,,,,,,,,,,,,,,,,,,,,,,,,,,,,,,,,,,,,,,,,,,,,,,,,,,,,,,,,,,,,,,,,,,,,,,,,,,,,,,,,,,,,,,,,,,,,,,,,,,,,,,,,,,,,,,,,,,,,,,,,,,,,,,,,,,,,,,,,,,,,,,,,,,,,,,,,,,,,,,,,,,,,,,,,,,,,,,,,,,,,,,,,,,,,,,,,,,,,,,,,,,,,,,,,,,0.0
,,,,,,,,,,,,,,,,,,,,,,,,,,,,,,,,,,,,,,,,,,,,,,,,,,,,,,,,,,,,,,,,,,,,,,,,,,,,,,,,,,,,,,,,,,,,,,,,,,,,,,,,,,,,,,,,,,,,,,,,,,,,,,,,,,,,,,,,,,,,,,,,,,,,,,,,,,,,,,,,,,,,,,,,,,,,,,,,,,,,,,,,,,,,,,,,,,,,,,,,,,,,,,,,,,,,,,,,,,,,,,,,,,,,,,,,,,,,,,,,,,,,,,,,,,,,,,,,,,,,,,,,,,,,,,,,,,,,,,,,,,,,,,,,,,,,,,,,,,,,,,,,,,,,,,,,,,,,,,,,,,,,,,,,,,,,,,,,,,,,,,,,,,,,,,,,,,,,,,,,,,,,,,,,,,,,,,,,,,,,,,,,,,,,,,,,,,,,,,,,,,,,,,,,,,,,,,,,,,,,,,,,,,,,,,,,,,,,,,,,,,,,,,,,,,,,,,,,,,,,,,,,,,,,,,,,,,,,,,,,,,,,,,,,,,,,,,,,,,,,,,,,,,,,,,,,,,,,,,,,,,,,,,,,,,,,,,,,,0.0
,,,,,,,,,,,,,,,,,,,,,,,,,,,,,,,,,,,,,,,,,,,,,,,,,,,,,,,,,,,,,,,,,,,,,,,,,,,,,,,,,,,,,,,,,,,,,,,,,,,,,,,,,,,,,,,,,,,,,,,,,,,,,,,,,,,,,,,,,,,,,,,,,,,,,,,,,,,,,,,,,,,,,,,,,,,,,,,,,,,,,,,,,,,,,,,,,,,,,,,,,,,,,,,,,,,,,,,,,,,,,,,,,,,,,,,,,,,,,,,,,,,,,,,,,,,,,,,,,,,,,,,,,,,,,,,,,,,,,,,,,,,,,,,,,,,,,,,,,,,,,,,,,,,,,,,,,,,,,,,,,,,,,,,,,,,,,,,,,,,,,,,,,,,,,,,,,,,,,,,,,,,,,,,,,,,,,,,,,,,,,,,,,,,,,,,,,,,,,,,,,,,,,,,,,,,,,,,,,,,,,,,,,,,,,,,,,,,,,,,,,,,,,,,,,,,,,,,,,,,,,,,,,,,,,,,,,,,,,,,,,,,,,,,,,,,,,,,,,,,,,,,,,,,,,,,,,,,,,,,,,,,,,,,,,,,,,,,,,0.0
,,,,,,,,,,,,,,,,,,,,,,,,,,,,,,,,,,,,,,,,,,,,,,,,,,,,,,,,,,,,,,,,,,,,,,,,,,,,,,,,,,,,,,,,,,,,,,,,,,,,,,,,,,,,,,,,,,,,,,,,,,,,,,,,,,,,,,,,,,,,,,,,,,,,,,,,,,,,,,,,,,,,,,,,,,,,,,,,,,,,,,,,,,,,,,,,,,,,,,,,,,,,,,,,,,,,,,,,,,,,,,,,,,,,,,,,,,,,,,,,,,,,,,,,,,,,,,,,,,,,,,,,,,,,,,,,,,,,,,,,,,,,,,,,,,,,,,,,,,,,,,,,,,,,,,,,,,,,,,,,,,,,,,,,,,,,,,,,,,,,,,,,,,,,,,,,,,,,,,,,,,,,,,,,,,,,,,,,,,,,,,,,,,,,,,,,,,,,,,,,,,,,,,,,,,,,,,,,,,,,,,,,,,,,,,,,,,,,,,,,,,,,,,,,,,,,,,,,,,,,,,,,,,,,,,,,,,,,,,,,,,,,,,,,,,,,,,,,,,,,,,,,,,,,,,,,,,,,,,,,,,,,,,,,,,,,,,,,,0.0
,,,,,,,,,,,,,,,,,,,,,,,,,,,,,,,,,,,,,,,,,,,,,,,,,,,,,,,,,,,,,,,,,,,,,,,,,,,,,,,,,,,,,,,,,,,,,,,,,,,,,,,,,,,,,,,,,,,,,,,,,,,,,,,,,,,,,,,,,,,,,,,,,,,,,,,,,,,,,,,,,,,,,,,,,,,,,,,,,,,,,,,,,,,,,,,,,,,,,,,,,,,,,,,,,,,,,,,,,,,,,,,,,,,,,,,,,,,,,,,,,,,,,,,,,,,,,,,,,,,,,,,,,,,,,,,,,,,,,,,,,,,,,,,,,,,,,,,,,,,,,,,,,,,,,,,,,,,,,,,,,,,,,,,,,,,,,,,,,,,,,,,,,,,,,,,,,,,,,,,,,,,,,,,,,,,,,,,,,,,,,,,,,,,,,,,,,,,,,,,,,,,,,,,,,,,,,,,,,,,,,,,,,,,,,,,,,,,,,,,,,,,,,,,,,,,,,,,,,,,,,,,,,,,,,,,,,,,,,,,,,,,,,,,,,,,,,,,,,,,,,,,,,,,,,,,,,,,,,,,,,,,,,,,,,,,,,,,,,0.0
,,,,,,,,,,,,,,,,,,,,,,,,,,,,,,,,,,,,,,,,,,,,,,,,,,,,,,,,,,,,,,,,,,,,,,,,,,,,,,,,,,,,,,,,,,,,,,,,,,,,,,,,,,,,,,,,,,,,,,,,,,,,,,,,,,,,,,,,,,,,,,,,,,,,,,,,,,,,,,,,,,,,,,,,,,,,,,,,,,,,,,,,,,,,,,,,,,,,,,,,,,,,,,,,,,,,,,,,,,,,,,,,,,,,,,,,,,,,,,,,,,,,,,,,,,,,,,,,,,,,,,,,,,,,,,,,,,,,,,,,,,,,,,,,,,,,,,,,,,,,,,,,,,,,,,,,,,,,,,,,,,,,,,,,,,,,,,,,,,,,,,,,,,,,,,,,,,,,,,,,,,,,,,,,,,,,,,,,,,,,,,,,,,,,,,,,,,,,,,,,,,,,,,,,,,,,,,,,,,,,,,,,,,,,,,,,,,,,,,,,,,,,,,,,,,,,,,,,,,,,,,,,,,,,,,,,,,,,,,,,,,,,,,,,,,,,,,,,,,,,,,,,,,,,,,,,,,,,,,,,,,,,,,,,,,,,,,,,,0.0
,,,,,,,,,,,,,,,,,,,,,,,,,,,,,,,,,,,,,,,,,,,,,,,,,,,,,,,,,,,,,,,,,,,,,,,,,,,,,,,,,,,,,,,,,,,,,,,,,,,,,,,,,,,,,,,,,,,,,,,,,,,,,,,,,,,,,,,,,,,,,,,,,,,,,,,,,,,,,,,,,,,,,,,,,,,,,,,,,,,,,,,,,,,,,,,,,,,,,,,,,,,,,,,,,,,,,,,,,,,,,,,,,,,,,,,,,,,,,,,,,,,,,,,,,,,,,,,,,,,,,,,,,,,,,,,,,,,,,,,,,,,,,,,,,,,,,,,,,,,,,,,,,,,,,,,,,,,,,,,,,,,,,,,,,,,,,,,,,,,,,,,,,,,,,,,,,,,,,,,,,,,,,,,,,,,,,,,,,,,,,,,,,,,,,,,,,,,,,,,,,,,,,,,,,,,,,,,,,,,,,,,,,,,,,,,,,,,,,,,,,,,,,,,,,,,,,,,,,,,,,,,,,,,,,,,,,,,,,,,,,,,,,,,,,,,,,,,,,,,,,,,,,,,,,,,,,,,,,,,,,,,,,,,,,,,,,,,,,0.0
,,,,,,,,,,,,,,,,,,,,,,,,,,,,,,,,,,,,,,,,,,,,,,,,,,,,,,,,,,,,,,,,,,,,,,,,,,,,,,,,,,,,,,,,,,,,,,,,,,,,,,,,,,,,,,,,,,,,,,,,,,,,,,,,,,,,,,,,,,,,,,,,,,,,,,,,,,,,,,,,,,,,,,,,,,,,,,,,,,,,,,,,,,,,,,,,,,,,,,,,,,,,,,,,,,,,,,,,,,,,,,,,,,,,,,,,,,,,,,,,,,,,,,,,,,,,,,,,,,,,,,,,,,,,,,,,,,,,,,,,,,,,,,,,,,,,,,,,,,,,,,,,,,,,,,,,,,,,,,,,,,,,,,,,,,,,,,,,,,,,,,,,,,,,,,,,,,,,,,,,,,,,,,,,,,,,,,,,,,,,,,,,,,,,,,,,,,,,,,,,,,,,,,,,,,,,,,,,,,,,,,,,,,,,,,,,,,,,,,,,,,,,,,,,,,,,,,,,,,,,,,,,,,,,,,,,,,,,,,,,,,,,,,,,,,,,,,,,,,,,,,,,,,,,,,,,,,,,,,,,,,,,,,,,,,,,,,,,,0.0
,,,,,,,,,,,,,,,,,,,,,,,,,,,,,,,,,,,,,,,,,,,,,,,,,,,,,,,,,,,,,,,,,,,,,,,,,,,,,,,,,,,,,,,,,,,,,,,,,,,,,,,,,,,,,,,,,,,,,,,,,,,,,,,,,,,,,,,,,,,,,,,,,,,,,,,,,,,,,,,,,,,,,,,,,,,,,,,,,,,,,,,,,,,,,,,,,,,,,,,,,,,,,,,,,,,,,,,,,,,,,,,,,,,,,,,,,,,,,,,,,,,,,,,,,,,,,,,,,,,,,,,,,,,,,,,,,,,,,,,,,,,,,,,,,,,,,,,,,,,,,,,,,,,,,,,,,,,,,,,,,,,,,,,,,,,,,,,,,,,,,,,,,,,,,,,,,,,,,,,,,,,,,,,,,,,,,,,,,,,,,,,,,,,,,,,,,,,,,,,,,,,,,,,,,,,,,,,,,,,,,,,,,,,,,,,,,,,,,,,,,,,,,,,,,,,,,,,,,,,,,,,,,,,,,,,,,,,,,,,,,,,,,,,,,,,,,,,,,,,,,,,,,,,,,,,,,,,,,,,,,,,,,,,,,,,,,,,,,0.0
,,,,,,,,,,,,,,,,,,,,,,,,,,,,,,,,,,,,,,,,,,,,,,,,,,,,,,,,,,,,,,,,,,,,,,,,,,,,,,,,,,,,,,,,,,,,,,,,,,,,,,,,,,,,,,,,,,,,,,,,,,,,,,,,,,,,,,,,,,,,,,,,,,,,,,,,,,,,,,,,,,,,,,,,,,,,,,,,,,,,,,,,,,,,,,,,,,,,,,,,,,,,,,,,,,,,,,,,,,,,,,,,,,,,,,,,,,,,,,,,,,,,,,,,,,,,,,,,,,,,,,,,,,,,,,,,,,,,,,,,,,,,,,,,,,,,,,,,,,,,,,,,,,,,,,,,,,,,,,,,,,,,,,,,,,,,,,,,,,,,,,,,,,,,,,,,,,,,,,,,,,,,,,,,,,,,,,,,,,,,,,,,,,,,,,,,,,,,,,,,,,,,,,,,,,,,,,,,,,,,,,,,,,,,,,,,,,,,,,,,,,,,,,,,,,,,,,,,,,,,,,,,,,,,,,,,,,,,,,,,,,,,,,,,,,,,,,,,,,,,,,,,,,,,,,,,,,,,,,,,,,,,,,,,,,,,,,,,,0.0
,,,,,,,,,,,,,,,,,,,,,,,,,,,,,,,,,,,,,,,,,,,,,,,,,,,,,,,,,,,,,,,,,,,,,,,,,,,,,,,,,,,,,,,,,,,,,,,,,,,,,,,,,,,,,,,,,,,,,,,,,,,,,,,,,,,,,,,,,,,,,,,,,,,,,,,,,,,,,,,,,,,,,,,,,,,,,,,,,,,,,,,,,,,,,,,,,,,,,,,,,,,,,,,,,,,,,,,,,,,,,,,,,,,,,,,,,,,,,,,,,,,,,,,,,,,,,,,,,,,,,,,,,,,,,,,,,,,,,,,,,,,,,,,,,,,,,,,,,,,,,,,,,,,,,,,,,,,,,,,,,,,,,,,,,,,,,,,,,,,,,,,,,,,,,,,,,,,,,,,,,,,,,,,,,,,,,,,,,,,,,,,,,,,,,,,,,,,,,,,,,,,,,,,,,,,,,,,,,,,,,,,,,,,,,,,,,,,,,,,,,,,,,,,,,,,,,,,,,,,,,,,,,,,,,,,,,,,,,,,,,,,,,,,,,,,,,,,,,,,,,,,,,,,,,,,,,,,,,,,,,,,,,,,,,,,,,,,,,0.0
,,,,,,,,,,,,,,,,,,,,,,,,,,,,,,,,,,,,,,,,,,,,,,,,,,,,,,,,,,,,,,,,,,,,,,,,,,,,,,,,,,,,,,,,,,,,,,,,,,,,,,,,,,,,,,,,,,,,,,,,,,,,,,,,,,,,,,,,,,,,,,,,,,,,,,,,,,,,,,,,,,,,,,,,,,,,,,,,,,,,,,,,,,,,,,,,,,,,,,,,,,,,,,,,,,,,,,,,,,,,,,,,,,,,,,,,,,,,,,,,,,,,,,,,,,,,,,,,,,,,,,,,,,,,,,,,,,,,,,,,,,,,,,,,,,,,,,,,,,,,,,,,,,,,,,,,,,,,,,,,,,,,,,,,,,,,,,,,,,,,,,,,,,,,,,,,,,,,,,,,,,,,,,,,,,,,,,,,,,,,,,,,,,,,,,,,,,,,,,,,,,,,,,,,,,,,,,,,,,,,,,,,,,,,,,,,,,,,,,,,,,,,,,,,,,,,,,,,,,,,,,,,,,,,,,,,,,,,,,,,,,,,,,,,,,,,,,,,,,,,,,,,,,,,,,,,,,,,,,,,,,,,,,,,,,,,,,,,,0.0
,,,,,,,,,,,,,,,,,,,,,,,,,,,,,,,,,,,,,,,,,,,,,,,,,,,,,,,,,,,,,,,,,,,,,,,,,,,,,,,,,,,,,,,,,,,,,,,,,,,,,,,,,,,,,,,,,,,,,,,,,,,,,,,,,,,,,,,,,,,,,,,,,,,,,,,,,,,,,,,,,,,,,,,,,,,,,,,,,,,,,,,,,,,,,,,,,,,,,,,,,,,,,,,,,,,,,,,,,,,,,,,,,,,,,,,,,,,,,,,,,,,,,,,,,,,,,,,,,,,,,,,,,,,,,,,,,,,,,,,,,,,,,,,,,,,,,,,,,,,,,,,,,,,,,,,,,,,,,,,,,,,,,,,,,,,,,,,,,,,,,,,,,,,,,,,,,,,,,,,,,,,,,,,,,,,,,,,,,,,,,,,,,,,,,,,,,,,,,,,,,,,,,,,,,,,,,,,,,,,,,,,,,,,,,,,,,,,,,,,,,,,,,,,,,,,,,,,,,,,,,,,,,,,,,,,,,,,,,,,,,,,,,,,,,,,,,,,,,,,,,,,,,,,,,,,,,,,,,,,,,,,,,,,,,,,,,,,,,0.0
,,,,,,,,,,,,,,,,,,,,,,,,,,,,,,,,,,,,,,,,,,,,,,,,,,,,,,,,,,,,,,,,,,,,,,,,,,,,,,,,,,,,,,,,,,,,,,,,,,,,,,,,,,,,,,,,,,,,,,,,,,,,,,,,,,,,,,,,,,,,,,,,,,,,,,,,,,,,,,,,,,,,,,,,,,,,,,,,,,,,,,,,,,,,,,,,,,,,,,,,,,,,,,,,,,,,,,,,,,,,,,,,,,,,,,,,,,,,,,,,,,,,,,,,,,,,,,,,,,,,,,,,,,,,,,,,,,,,,,,,,,,,,,,,,,,,,,,,,,,,,,,,,,,,,,,,,,,,,,,,,,,,,,,,,,,,,,,,,,,,,,,,,,,,,,,,,,,,,,,,,,,,,,,,,,,,,,,,,,,,,,,,,,,,,,,,,,,,,,,,,,,,,,,,,,,,,,,,,,,,,,,,,,,,,,,,,,,,,,,,,,,,,,,,,,,,,,,,,,,,,,,,,,,,,,,,,,,,,,,,,,,,,,,,,,,,,,,,,,,,,,,,,,,,,,,,,,,,,,,,,,,,,,,,,,,,,,,,,0.0
,,,,,,,,,,,,,,,,,,,,,,,,,,,,,,,,,,,,,,,,,,,,,,,,,,,,,,,,,,,,,,,,,,,,,,,,,,,,,,,,,,,,,,,,,,,,,,,,,,,,,,,,,,,,,,,,,,,,,,,,,,,,,,,,,,,,,,,,,,,,,,,,,,,,,,,,,,,,,,,,,,,,,,,,,,,,,,,,,,,,,,,,,,,,,,,,,,,,,,,,,,,,,,,,,,,,,,,,,,,,,,,,,,,,,,,,,,,,,,,,,,,,,,,,,,,,,,,,,,,,,,,,,,,,,,,,,,,,,,,,,,,,,,,,,,,,,,,,,,,,,,,,,,,,,,,,,,,,,,,,,,,,,,,,,,,,,,,,,,,,,,,,,,,,,,,,,,,,,,,,,,,,,,,,,,,,,,,,,,,,,,,,,,,,,,,,,,,,,,,,,,,,,,,,,,,,,,,,,,,,,,,,,,,,,,,,,,,,,,,,,,,,,,,,,,,,,,,,,,,,,,,,,,,,,,,,,,,,,,,,,,,,,,,,,,,,,,,,,,,,,,,,,,,,,,,,,,,,,,,,,,,,,,,,,,,,,,,,,0.0
,,,,,,,,,,,,,,,,,,,,,,,,,,,,,,,,,,,,,,,,,,,,,,,,,,,,,,,,,,,,,,,,,,,,,,,,,,,,,,,,,,,,,,,,,,,,,,,,,,,,,,,,,,,,,,,,,,,,,,,,,,,,,,,,,,,,,,,,,,,,,,,,,,,,,,,,,,,,,,,,,,,,,,,,,,,,,,,,,,,,,,,,,,,,,,,,,,,,,,,,,,,,,,,,,,,,,,,,,,,,,,,,,,,,,,,,,,,,,,,,,,,,,,,,,,,,,,,,,,,,,,,,,,,,,,,,,,,,,,,,,,,,,,,,,,,,,,,,,,,,,,,,,,,,,,,,,,,,,,,,,,,,,,,,,,,,,,,,,,,,,,,,,,,,,,,,,,,,,,,,,,,,,,,,,,,,,,,,,,,,,,,,,,,,,,,,,,,,,,,,,,,,,,,,,,,,,,,,,,,,,,,,,,,,,,,,,,,,,,,,,,,,,,,,,,,,,,,,,,,,,,,,,,,,,,,,,,,,,,,,,,,,,,,,,,,,,,,,,,,,,,,,,,,,,,,,,,,,,,,,,,,,,,,,,,,,,,,,,0.0
,,,,,,,,,,,,,,,,,,,,,,,,,,,,,,,,,,,,,,,,,,,,,,,,,,,,,,,,,,,,,,,,,,,,,,,,,,,,,,,,,,,,,,,,,,,,,,,,,,,,,,,,,,,,,,,,,,,,,,,,,,,,,,,,,,,,,,,,,,,,,,,,,,,,,,,,,,,,,,,,,,,,,,,,,,,,,,,,,,,,,,,,,,,,,,,,,,,,,,,,,,,,,,,,,,,,,,,,,,,,,,,,,,,,,,,,,,,,,,,,,,,,,,,,,,,,,,,,,,,,,,,,,,,,,,,,,,,,,,,,,,,,,,,,,,,,,,,,,,,,,,,,,,,,,,,,,,,,,,,,,,,,,,,,,,,,,,,,,,,,,,,,,,,,,,,,,,,,,,,,,,,,,,,,,,,,,,,,,,,,,,,,,,,,,,,,,,,,,,,,,,,,,,,,,,,,,,,,,,,,,,,,,,,,,,,,,,,,,,,,,,,,,,,,,,,,,,,,,,,,,,,,,,,,,,,,,,,,,,,,,,,,,,,,,,,,,,,,,,,,,,,,,,,,,,,,,,,,,,,,,,,,,,,,,,,,,,,,,0.0
,,,,,,,,,,,,,,,,,,,,,,,,,,,,,,,,,,,,,,,,,,,,,,,,,,,,,,,,,,,,,,,,,,,,,,,,,,,,,,,,,,,,,,,,,,,,,,,,,,,,,,,,,,,,,,,,,,,,,,,,,,,,,,,,,,,,,,,,,,,,,,,,,,,,,,,,,,,,,,,,,,,,,,,,,,,,,,,,,,,,,,,,,,,,,,,,,,,,,,,,,,,,,,,,,,,,,,,,,,,,,,,,,,,,,,,,,,,,,,,,,,,,,,,,,,,,,,,,,,,,,,,,,,,,,,,,,,,,,,,,,,,,,,,,,,,,,,,,,,,,,,,,,,,,,,,,,,,,,,,,,,,,,,,,,,,,,,,,,,,,,,,,,,,,,,,,,,,,,,,,,,,,,,,,,,,,,,,,,,,,,,,,,,,,,,,,,,,,,,,,,,,,,,,,,,,,,,,,,,,,,,,,,,,,,,,,,,,,,,,,,,,,,,,,,,,,,,,,,,,,,,,,,,,,,,,,,,,,,,,,,,,,,,,,,,,,,,,,,,,,,,,,,,,,,,,,,,,,,,,,,,,,,,,,,,,,,,,,,0.0
,,,,,,,,,,,,,,,,,,,,,,,,,,,,,,,,,,,,,,,,,,,,,,,,,,,,,,,,,,,,,,,,,,,,,,,,,,,,,,,,,,,,,,,,,,,,,,,,,,,,,,,,,,,,,,,,,,,,,,,,,,,,,,,,,,,,,,,,,,,,,,,,,,,,,,,,,,,,,,,,,,,,,,,,,,,,,,,,,,,,,,,,,,,,,,,,,,,,,,,,,,,,,,,,,,,,,,,,,,,,,,,,,,,,,,,,,,,,,,,,,,,,,,,,,,,,,,,,,,,,,,,,,,,,,,,,,,,,,,,,,,,,,,,,,,,,,,,,,,,,,,,,,,,,,,,,,,,,,,,,,,,,,,,,,,,,,,,,,,,,,,,,,,,,,,,,,,,,,,,,,,,,,,,,,,,,,,,,,,,,,,,,,,,,,,,,,,,,,,,,,,,,,,,,,,,,,,,,,,,,,,,,,,,,,,,,,,,,,,,,,,,,,,,,,,,,,,,,,,,,,,,,,,,,,,,,,,,,,,,,,,,,,,,,,,,,,,,,,,,,,,,,,,,,,,,,,,,,,,,,,,,,,,,,,,,,,,,,,0.0
,,,,,,,,,,,,,,,,,,,,,,,,,,,,,,,,,,,,,,,,,,,,,,,,,,,,,,,,,,,,,,,,,,,,,,,,,,,,,,,,,,,,,,,,,,,,,,,,,,,,,,,,,,,,,,,,,,,,,,,,,,,,,,,,,,,,,,,,,,,,,,,,,,,,,,,,,,,,,,,,,,,,,,,,,,,,,,,,,,,,,,,,,,,,,,,,,,,,,,,,,,,,,,,,,,,,,,,,,,,,,,,,,,,,,,,,,,,,,,,,,,,,,,,,,,,,,,,,,,,,,,,,,,,,,,,,,,,,,,,,,,,,,,,,,,,,,,,,,,,,,,,,,,,,,,,,,,,,,,,,,,,,,,,,,,,,,,,,,,,,,,,,,,,,,,,,,,,,,,,,,,,,,,,,,,,,,,,,,,,,,,,,,,,,,,,,,,,,,,,,,,,,,,,,,,,,,,,,,,,,,,,,,,,,,,,,,,,,,,,,,,,,,,,,,,,,,,,,,,,,,,,,,,,,,,,,,,,,,,,,,,,,,,,,,,,,,,,,,,,,,,,,,,,,,,,,,,,,,,,,,,,,,,,,,,,,,,,,,0.0
,,,,,,,,,,,,,,,,,,,,,,,,,,,,,,,,,,,,,,,,,,,,,,,,,,,,,,,,,,,,,,,,,,,,,,,,,,,,,,,,,,,,,,,,,,,,,,,,,,,,,,,,,,,,,,,,,,,,,,,,,,,,,,,,,,,,,,,,,,,,,,,,,,,,,,,,,,,,,,,,,,,,,,,,,,,,,,,,,,,,,,,,,,,,,,,,,,,,,,,,,,,,,,,,,,,,,,,,,,,,,,,,,,,,,,,,,,,,,,,,,,,,,,,,,,,,,,,,,,,,,,,,,,,,,,,,,,,,,,,,,,,,,,,,,,,,,,,,,,,,,,,,,,,,,,,,,,,,,,,,,,,,,,,,,,,,,,,,,,,,,,,,,,,,,,,,,,,,,,,,,,,,,,,,,,,,,,,,,,,,,,,,,,,,,,,,,,,,,,,,,,,,,,,,,,,,,,,,,,,,,,,,,,,,,,,,,,,,,,,,,,,,,,,,,,,,,,,,,,,,,,,,,,,,,,,,,,,,,,,,,,,,,,,,,,,,,,,,,,,,,,,,,,,,,,,,,,,,,,,,,,,,,,,,,,,,,,,,,0.0
,,,,,,,,,,,,,,,,,,,,,,,,,,,,,,,,,,,,,,,,,,,,,,,,,,,,,,,,,,,,,,,,,,,,,,,,,,,,,,,,,,,,,,,,,,,,,,,,,,,,,,,,,,,,,,,,,,,,,,,,,,,,,,,,,,,,,,,,,,,,,,,,,,,,,,,,,,,,,,,,,,,,,,,,,,,,,,,,,,,,,,,,,,,,,,,,,,,,,,,,,,,,,,,,,,,,,,,,,,,,,,,,,,,,,,,,,,,,,,,,,,,,,,,,,,,,,,,,,,,,,,,,,,,,,,,,,,,,,,,,,,,,,,,,,,,,,,,,,,,,,,,,,,,,,,,,,,,,,,,,,,,,,,,,,,,,,,,,,,,,,,,,,,,,,,,,,,,,,,,,,,,,,,,,,,,,,,,,,,,,,,,,,,,,,,,,,,,,,,,,,,,,,,,,,,,,,,,,,,,,,,,,,,,,,,,,,,,,,,,,,,,,,,,,,,,,,,,,,,,,,,,,,,,,,,,,,,,,,,,,,,,,,,,,,,,,,,,,,,,,,,,,,,,,,,,,,,,,,,,,,,,,,,,,,,,,,,,,,0.0
,,,,,,,,,,,,,,,,,,,,,,,,,,,,,,,,,,,,,,,,,,,,,,,,,,,,,,,,,,,,,,,,,,,,,,,,,,,,,,,,,,,,,,,,,,,,,,,,,,,,,,,,,,,,,,,,,,,,,,,,,,,,,,,,,,,,,,,,,,,,,,,,,,,,,,,,,,,,,,,,,,,,,,,,,,,,,,,,,,,,,,,,,,,,,,,,,,,,,,,,,,,,,,,,,,,,,,,,,,,,,,,,,,,,,,,,,,,,,,,,,,,,,,,,,,,,,,,,,,,,,,,,,,,,,,,,,,,,,,,,,,,,,,,,,,,,,,,,,,,,,,,,,,,,,,,,,,,,,,,,,,,,,,,,,,,,,,,,,,,,,,,,,,,,,,,,,,,,,,,,,,,,,,,,,,,,,,,,,,,,,,,,,,,,,,,,,,,,,,,,,,,,,,,,,,,,,,,,,,,,,,,,,,,,,,,,,,,,,,,,,,,,,,,,,,,,,,,,,,,,,,,,,,,,,,,,,,,,,,,,,,,,,,,,,,,,,,,,,,,,,,,,,,,,,,,,,,,,,,,,,,,,,,,,,,,,,,,,,0.0
,,,,,,,,,,,,,,,,,,,,,,,,,,,,,,,,,,,,,,,,,,,,,,,,,,,,,,,,,,,,,,,,,,,,,,,,,,,,,,,,,,,,,,,,,,,,,,,,,,,,,,,,,,,,,,,,,,,,,,,,,,,,,,,,,,,,,,,,,,,,,,,,,,,,,,,,,,,,,,,,,,,,,,,,,,,,,,,,,,,,,,,,,,,,,,,,,,,,,,,,,,,,,,,,,,,,,,,,,,,,,,,,,,,,,,,,,,,,,,,,,,,,,,,,,,,,,,,,,,,,,,,,,,,,,,,,,,,,,,,,,,,,,,,,,,,,,,,,,,,,,,,,,,,,,,,,,,,,,,,,,,,,,,,,,,,,,,,,,,,,,,,,,,,,,,,,,,,,,,,,,,,,,,,,,,,,,,,,,,,,,,,,,,,,,,,,,,,,,,,,,,,,,,,,,,,,,,,,,,,,,,,,,,,,,,,,,,,,,,,,,,,,,,,,,,,,,,,,,,,,,,,,,,,,,,,,,,,,,,,,,,,,,,,,,,,,,,,,,,,,,,,,,,,,,,,,,,,,,,,,,,,,,,,,,,,,,,,,,0.0
,,,,,,,,,,,,,,,,,,,,,,,,,,,,,,,,,,,,,,,,,,,,,,,,,,,,,,,,,,,,,,,,,,,,,,,,,,,,,,,,,,,,,,,,,,,,,,,,,,,,,,,,,,,,,,,,,,,,,,,,,,,,,,,,,,,,,,,,,,,,,,,,,,,,,,,,,,,,,,,,,,,,,,,,,,,,,,,,,,,,,,,,,,,,,,,,,,,,,,,,,,,,,,,,,,,,,,,,,,,,,,,,,,,,,,,,,,,,,,,,,,,,,,,,,,,,,,,,,,,,,,,,,,,,,,,,,,,,,,,,,,,,,,,,,,,,,,,,,,,,,,,,,,,,,,,,,,,,,,,,,,,,,,,,,,,,,,,,,,,,,,,,,,,,,,,,,,,,,,,,,,,,,,,,,,,,,,,,,,,,,,,,,,,,,,,,,,,,,,,,,,,,,,,,,,,,,,,,,,,,,,,,,,,,,,,,,,,,,,,,,,,,,,,,,,,,,,,,,,,,,,,,,,,,,,,,,,,,,,,,,,,,,,,,,,,,,,,,,,,,,,,,,,,,,,,,,,,,,,,,,,,,,,,,,,,,,,,,,0.0
,,,,,,,,,,,,,,,,,,,,,,,,,,,,,,,,,,,,,,,,,,,,,,,,,,,,,,,,,,,,,,,,,,,,,,,,,,,,,,,,,,,,,,,,,,,,,,,,,,,,,,,,,,,,,,,,,,,,,,,,,,,,,,,,,,,,,,,,,,,,,,,,,,,,,,,,,,,,,,,,,,,,,,,,,,,,,,,,,,,,,,,,,,,,,,,,,,,,,,,,,,,,,,,,,,,,,,,,,,,,,,,,,,,,,,,,,,,,,,,,,,,,,,,,,,,,,,,,,,,,,,,,,,,,,,,,,,,,,,,,,,,,,,,,,,,,,,,,,,,,,,,,,,,,,,,,,,,,,,,,,,,,,,,,,,,,,,,,,,,,,,,,,,,,,,,,,,,,,,,,,,,,,,,,,,,,,,,,,,,,,,,,,,,,,,,,,,,,,,,,,,,,,,,,,,,,,,,,,,,,,,,,,,,,,,,,,,,,,,,,,,,,,,,,,,,,,,,,,,,,,,,,,,,,,,,,,,,,,,,,,,,,,,,,,,,,,,,,,,,,,,,,,,,,,,,,,,,,,,,,,,,,,,,,,,,,,,,,,0.0
,,,,,,,,,,,,,,,,,,,,,,,,,,,,,,,,,,,,,,,,,,,,,,,,,,,,,,,,,,,,,,,,,,,,,,,,,,,,,,,,,,,,,,,,,,,,,,,,,,,,,,,,,,,,,,,,,,,,,,,,,,,,,,,,,,,,,,,,,,,,,,,,,,,,,,,,,,,,,,,,,,,,,,,,,,,,,,,,,,,,,,,,,,,,,,,,,,,,,,,,,,,,,,,,,,,,,,,,,,,,,,,,,,,,,,,,,,,,,,,,,,,,,,,,,,,,,,,,,,,,,,,,,,,,,,,,,,,,,,,,,,,,,,,,,,,,,,,,,,,,,,,,,,,,,,,,,,,,,,,,,,,,,,,,,,,,,,,,,,,,,,,,,,,,,,,,,,,,,,,,,,,,,,,,,,,,,,,,,,,,,,,,,,,,,,,,,,,,,,,,,,,,,,,,,,,,,,,,,,,,,,,,,,,,,,,,,,,,,,,,,,,,,,,,,,,,,,,,,,,,,,,,,,,,,,,,,,,,,,,,,,,,,,,,,,,,,,,,,,,,,,,,,,,,,,,,,,,,,,,,,,,,,,,,,,,,,,,,,0.0
,,,,,,,,,,,,,,,,,,,,,,,,,,,,,,,,,,,,,,,,,,,,,,,,,,,,,,,,,,,,,,,,,,,,,,,,,,,,,,,,,,,,,,,,,,,,,,,,,,,,,,,,,,,,,,,,,,,,,,,,,,,,,,,,,,,,,,,,,,,,,,,,,,,,,,,,,,,,,,,,,,,,,,,,,,,,,,,,,,,,,,,,,,,,,,,,,,,,,,,,,,,,,,,,,,,,,,,,,,,,,,,,,,,,,,,,,,,,,,,,,,,,,,,,,,,,,,,,,,,,,,,,,,,,,,,,,,,,,,,,,,,,,,,,,,,,,,,,,,,,,,,,,,,,,,,,,,,,,,,,,,,,,,,,,,,,,,,,,,,,,,,,,,,,,,,,,,,,,,,,,,,,,,,,,,,,,,,,,,,,,,,,,,,,,,,,,,,,,,,,,,,,,,,,,,,,,,,,,,,,,,,,,,,,,,,,,,,,,,,,,,,,,,,,,,,,,,,,,,,,,,,,,,,,,,,,,,,,,,,,,,,,,,,,,,,,,,,,,,,,,,,,,,,,,,,,,,,,,,,,,,,,,,,,,,,,,,,,,0.0
,,,,,,,,,,,,,,,,,,,,,,,,,,,,,,,,,,,,,,,,,,,,,,,,,,,,,,,,,,,,,,,,,,,,,,,,,,,,,,,,,,,,,,,,,,,,,,,,,,,,,,,,,,,,,,,,,,,,,,,,,,,,,,,,,,,,,,,,,,,,,,,,,,,,,,,,,,,,,,,,,,,,,,,,,,,,,,,,,,,,,,,,,,,,,,,,,,,,,,,,,,,,,,,,,,,,,,,,,,,,,,,,,,,,,,,,,,,,,,,,,,,,,,,,,,,,,,,,,,,,,,,,,,,,,,,,,,,,,,,,,,,,,,,,,,,,,,,,,,,,,,,,,,,,,,,,,,,,,,,,,,,,,,,,,,,,,,,,,,,,,,,,,,,,,,,,,,,,,,,,,,,,,,,,,,,,,,,,,,,,,,,,,,,,,,,,,,,,,,,,,,,,,,,,,,,,,,,,,,,,,,,,,,,,,,,,,,,,,,,,,,,,,,,,,,,,,,,,,,,,,,,,,,,,,,,,,,,,,,,,,,,,,,,,,,,,,,,,,,,,,,,,,,,,,,,,,,,,,,,,,,,,,,,,,,,,,,,,,0.0
,,,,,,,,,,,,,,,,,,,,,,,,,,,,,,,,,,,,,,,,,,,,,,,,,,,,,,,,,,,,,,,,,,,,,,,,,,,,,,,,,,,,,,,,,,,,,,,,,,,,,,,,,,,,,,,,,,,,,,,,,,,,,,,,,,,,,,,,,,,,,,,,,,,,,,,,,,,,,,,,,,,,,,,,,,,,,,,,,,,,,,,,,,,,,,,,,,,,,,,,,,,,,,,,,,,,,,,,,,,,,,,,,,,,,,,,,,,,,,,,,,,,,,,,,,,,,,,,,,,,,,,,,,,,,,,,,,,,,,,,,,,,,,,,,,,,,,,,,,,,,,,,,,,,,,,,,,,,,,,,,,,,,,,,,,,,,,,,,,,,,,,,,,,,,,,,,,,,,,,,,,,,,,,,,,,,,,,,,,,,,,,,,,,,,,,,,,,,,,,,,,,,,,,,,,,,,,,,,,,,,,,,,,,,,,,,,,,,,,,,,,,,,,,,,,,,,,,,,,,,,,,,,,,,,,,,,,,,,,,,,,,,,,,,,,,,,,,,,,,,,,,,,,,,,,,,,,,,,,,,,,,,,,,,,,,,,,,,,0.0
,,,,,,,,,,,,,,,,,,,,,,,,,,,,,,,,,,,,,,,,,,,,,,,,,,,,,,,,,,,,,,,,,,,,,,,,,,,,,,,,,,,,,,,,,,,,,,,,,,,,,,,,,,,,,,,,,,,,,,,,,,,,,,,,,,,,,,,,,,,,,,,,,,,,,,,,,,,,,,,,,,,,,,,,,,,,,,,,,,,,,,,,,,,,,,,,,,,,,,,,,,,,,,,,,,,,,,,,,,,,,,,,,,,,,,,,,,,,,,,,,,,,,,,,,,,,,,,,,,,,,,,,,,,,,,,,,,,,,,,,,,,,,,,,,,,,,,,,,,,,,,,,,,,,,,,,,,,,,,,,,,,,,,,,,,,,,,,,,,,,,,,,,,,,,,,,,,,,,,,,,,,,,,,,,,,,,,,,,,,,,,,,,,,,,,,,,,,,,,,,,,,,,,,,,,,,,,,,,,,,,,,,,,,,,,,,,,,,,,,,,,,,,,,,,,,,,,,,,,,,,,,,,,,,,,,,,,,,,,,,,,,,,,,,,,,,,,,,,,,,,,,,,,,,,,,,,,,,,,,,,,,,,,,,,,,,,,,,,0.0
,,,,,,,,,,,,,,,,,,,,,,,,,,,,,,,,,,,,,,,,,,,,,,,,,,,,,,,,,,,,,,,,,,,,,,,,,,,,,,,,,,,,,,,,,,,,,,,,,,,,,,,,,,,,,,,,,,,,,,,,,,,,,,,,,,,,,,,,,,,,,,,,,,,,,,,,,,,,,,,,,,,,,,,,,,,,,,,,,,,,,,,,,,,,,,,,,,,,,,,,,,,,,,,,,,,,,,,,,,,,,,,,,,,,,,,,,,,,,,,,,,,,,,,,,,,,,,,,,,,,,,,,,,,,,,,,,,,,,,,,,,,,,,,,,,,,,,,,,,,,,,,,,,,,,,,,,,,,,,,,,,,,,,,,,,,,,,,,,,,,,,,,,,,,,,,,,,,,,,,,,,,,,,,,,,,,,,,,,,,,,,,,,,,,,,,,,,,,,,,,,,,,,,,,,,,,,,,,,,,,,,,,,,,,,,,,,,,,,,,,,,,,,,,,,,,,,,,,,,,,,,,,,,,,,,,,,,,,,,,,,,,,,,,,,,,,,,,,,,,,,,,,,,,,,,,,,,,,,,,,,,,,,,,,,,,,,,,,,0.0
,,,,,,,,,,,,,,,,,,,,,,,,,,,,,,,,,,,,,,,,,,,,,,,,,,,,,,,,,,,,,,,,,,,,,,,,,,,,,,,,,,,,,,,,,,,,,,,,,,,,,,,,,,,,,,,,,,,,,,,,,,,,,,,,,,,,,,,,,,,,,,,,,,,,,,,,,,,,,,,,,,,,,,,,,,,,,,,,,,,,,,,,,,,,,,,,,,,,,,,,,,,,,,,,,,,,,,,,,,,,,,,,,,,,,,,,,,,,,,,,,,,,,,,,,,,,,,,,,,,,,,,,,,,,,,,,,,,,,,,,,,,,,,,,,,,,,,,,,,,,,,,,,,,,,,,,,,,,,,,,,,,,,,,,,,,,,,,,,,,,,,,,,,,,,,,,,,,,,,,,,,,,,,,,,,,,,,,,,,,,,,,,,,,,,,,,,,,,,,,,,,,,,,,,,,,,,,,,,,,,,,,,,,,,,,,,,,,,,,,,,,,,,,,,,,,,,,,,,,,,,,,,,,,,,,,,,,,,,,,,,,,,,,,,,,,,,,,,,,,,,,,,,,,,,,,,,,,,,,,,,,,,,,,,,,,,,,,,,0.0
,,,,,,,,,,,,,,,,,,,,,,,,,,,,,,,,,,,,,,,,,,,,,,,,,,,,,,,,,,,,,,,,,,,,,,,,,,,,,,,,,,,,,,,,,,,,,,,,,,,,,,,,,,,,,,,,,,,,,,,,,,,,,,,,,,,,,,,,,,,,,,,,,,,,,,,,,,,,,,,,,,,,,,,,,,,,,,,,,,,,,,,,,,,,,,,,,,,,,,,,,,,,,,,,,,,,,,,,,,,,,,,,,,,,,,,,,,,,,,,,,,,,,,,,,,,,,,,,,,,,,,,,,,,,,,,,,,,,,,,,,,,,,,,,,,,,,,,,,,,,,,,,,,,,,,,,,,,,,,,,,,,,,,,,,,,,,,,,,,,,,,,,,,,,,,,,,,,,,,,,,,,,,,,,,,,,,,,,,,,,,,,,,,,,,,,,,,,,,,,,,,,,,,,,,,,,,,,,,,,,,,,,,,,,,,,,,,,,,,,,,,,,,,,,,,,,,,,,,,,,,,,,,,,,,,,,,,,,,,,,,,,,,,,,,,,,,,,,,,,,,,,,,,,,,,,,,,,,,,,,,,,,,,,,,,,,,,,,,0.0
,,,,,,,,,,,,,,,,,,,,,,,,,,,,,,,,,,,,,,,,,,,,,,,,,,,,,,,,,,,,,,,,,,,,,,,,,,,,,,,,,,,,,,,,,,,,,,,,,,,,,,,,,,,,,,,,,,,,,,,,,,,,,,,,,,,,,,,,,,,,,,,,,,,,,,,,,,,,,,,,,,,,,,,,,,,,,,,,,,,,,,,,,,,,,,,,,,,,,,,,,,,,,,,,,,,,,,,,,,,,,,,,,,,,,,,,,,,,,,,,,,,,,,,,,,,,,,,,,,,,,,,,,,,,,,,,,,,,,,,,,,,,,,,,,,,,,,,,,,,,,,,,,,,,,,,,,,,,,,,,,,,,,,,,,,,,,,,,,,,,,,,,,,,,,,,,,,,,,,,,,,,,,,,,,,,,,,,,,,,,,,,,,,,,,,,,,,,,,,,,,,,,,,,,,,,,,,,,,,,,,,,,,,,,,,,,,,,,,,,,,,,,,,,,,,,,,,,,,,,,,,,,,,,,,,,,,,,,,,,,,,,,,,,,,,,,,,,,,,,,,,,,,,,,,,,,,,,,,,,,,,,,,,,,,,,,,,,,,0.0
,,,,,,,,,,,,,,,,,,,,,,,,,,,,,,,,,,,,,,,,,,,,,,,,,,,,,,,,,,,,,,,,,,,,,,,,,,,,,,,,,,,,,,,,,,,,,,,,,,,,,,,,,,,,,,,,,,,,,,,,,,,,,,,,,,,,,,,,,,,,,,,,,,,,,,,,,,,,,,,,,,,,,,,,,,,,,,,,,,,,,,,,,,,,,,,,,,,,,,,,,,,,,,,,,,,,,,,,,,,,,,,,,,,,,,,,,,,,,,,,,,,,,,,,,,,,,,,,,,,,,,,,,,,,,,,,,,,,,,,,,,,,,,,,,,,,,,,,,,,,,,,,,,,,,,,,,,,,,,,,,,,,,,,,,,,,,,,,,,,,,,,,,,,,,,,,,,,,,,,,,,,,,,,,,,,,,,,,,,,,,,,,,,,,,,,,,,,,,,,,,,,,,,,,,,,,,,,,,,,,,,,,,,,,,,,,,,,,,,,,,,,,,,,,,,,,,,,,,,,,,,,,,,,,,,,,,,,,,,,,,,,,,,,,,,,,,,,,,,,,,,,,,,,,,,,,,,,,,,,,,,,,,,,,,,,,,,,,,0.0
,,,,,,,,,,,,,,,,,,,,,,,,,,,,,,,,,,,,,,,,,,,,,,,,,,,,,,,,,,,,,,,,,,,,,,,,,,,,,,,,,,,,,,,,,,,,,,,,,,,,,,,,,,,,,,,,,,,,,,,,,,,,,,,,,,,,,,,,,,,,,,,,,,,,,,,,,,,,,,,,,,,,,,,,,,,,,,,,,,,,,,,,,,,,,,,,,,,,,,,,,,,,,,,,,,,,,,,,,,,,,,,,,,,,,,,,,,,,,,,,,,,,,,,,,,,,,,,,,,,,,,,,,,,,,,,,,,,,,,,,,,,,,,,,,,,,,,,,,,,,,,,,,,,,,,,,,,,,,,,,,,,,,,,,,,,,,,,,,,,,,,,,,,,,,,,,,,,,,,,,,,,,,,,,,,,,,,,,,,,,,,,,,,,,,,,,,,,,,,,,,,,,,,,,,,,,,,,,,,,,,,,,,,,,,,,,,,,,,,,,,,,,,,,,,,,,,,,,,,,,,,,,,,,,,,,,,,,,,,,,,,,,,,,,,,,,,,,,,,,,,,,,,,,,,,,,,,,,,,,,,,,,,,,,,,,,,,,,,0.0
,,,,,,,,,,,,,,,,,,,,,,,,,,,,,,,,,,,,,,,,,,,,,,,,,,,,,,,,,,,,,,,,,,,,,,,,,,,,,,,,,,,,,,,,,,,,,,,,,,,,,,,,,,,,,,,,,,,,,,,,,,,,,,,,,,,,,,,,,,,,,,,,,,,,,,,,,,,,,,,,,,,,,,,,,,,,,,,,,,,,,,,,,,,,,,,,,,,,,,,,,,,,,,,,,,,,,,,,,,,,,,,,,,,,,,,,,,,,,,,,,,,,,,,,,,,,,,,,,,,,,,,,,,,,,,,,,,,,,,,,,,,,,,,,,,,,,,,,,,,,,,,,,,,,,,,,,,,,,,,,,,,,,,,,,,,,,,,,,,,,,,,,,,,,,,,,,,,,,,,,,,,,,,,,,,,,,,,,,,,,,,,,,,,,,,,,,,,,,,,,,,,,,,,,,,,,,,,,,,,,,,,,,,,,,,,,,,,,,,,,,,,,,,,,,,,,,,,,,,,,,,,,,,,,,,,,,,,,,,,,,,,,,,,,,,,,,,,,,,,,,,,,,,,,,,,,,,,,,,,,,,,,,,,,,,,,,,,,,0.0
,,,,,,,,,,,,,,,,,,,,,,,,,,,,,,,,,,,,,,,,,,,,,,,,,,,,,,,,,,,,,,,,,,,,,,,,,,,,,,,,,,,,,,,,,,,,,,,,,,,,,,,,,,,,,,,,,,,,,,,,,,,,,,,,,,,,,,,,,,,,,,,,,,,,,,,,,,,,,,,,,,,,,,,,,,,,,,,,,,,,,,,,,,,,,,,,,,,,,,,,,,,,,,,,,,,,,,,,,,,,,,,,,,,,,,,,,,,,,,,,,,,,,,,,,,,,,,,,,,,,,,,,,,,,,,,,,,,,,,,,,,,,,,,,,,,,,,,,,,,,,,,,,,,,,,,,,,,,,,,,,,,,,,,,,,,,,,,,,,,,,,,,,,,,,,,,,,,,,,,,,,,,,,,,,,,,,,,,,,,,,,,,,,,,,,,,,,,,,,,,,,,,,,,,,,,,,,,,,,,,,,,,,,,,,,,,,,,,,,,,,,,,,,,,,,,,,,,,,,,,,,,,,,,,,,,,,,,,,,,,,,,,,,,,,,,,,,,,,,,,,,,,,,,,,,,,,,,,,,,,,,,,,,,,,,,,,,,,,0.0
,,,,,,,,,,,,,,,,,,,,,,,,,,,,,,,,,,,,,,,,,,,,,,,,,,,,,,,,,,,,,,,,,,,,,,,,,,,,,,,,,,,,,,,,,,,,,,,,,,,,,,,,,,,,,,,,,,,,,,,,,,,,,,,,,,,,,,,,,,,,,,,,,,,,,,,,,,,,,,,,,,,,,,,,,,,,,,,,,,,,,,,,,,,,,,,,,,,,,,,,,,,,,,,,,,,,,,,,,,,,,,,,,,,,,,,,,,,,,,,,,,,,,,,,,,,,,,,,,,,,,,,,,,,,,,,,,,,,,,,,,,,,,,,,,,,,,,,,,,,,,,,,,,,,,,,,,,,,,,,,,,,,,,,,,,,,,,,,,,,,,,,,,,,,,,,,,,,,,,,,,,,,,,,,,,,,,,,,,,,,,,,,,,,,,,,,,,,,,,,,,,,,,,,,,,,,,,,,,,,,,,,,,,,,,,,,,,,,,,,,,,,,,,,,,,,,,,,,,,,,,,,,,,,,,,,,,,,,,,,,,,,,,,,,,,,,,,,,,,,,,,,,,,,,,,,,,,,,,,,,,,,,,,,,,,,,,,,,,0.0
,,,,,,,,,,,,,,,,,,,,,,,,,,,,,,,,,,,,,,,,,,,,,,,,,,,,,,,,,,,,,,,,,,,,,,,,,,,,,,,,,,,,,,,,,,,,,,,,,,,,,,,,,,,,,,,,,,,,,,,,,,,,,,,,,,,,,,,,,,,,,,,,,,,,,,,,,,,,,,,,,,,,,,,,,,,,,,,,,,,,,,,,,,,,,,,,,,,,,,,,,,,,,,,,,,,,,,,,,,,,,,,,,,,,,,,,,,,,,,,,,,,,,,,,,,,,,,,,,,,,,,,,,,,,,,,,,,,,,,,,,,,,,,,,,,,,,,,,,,,,,,,,,,,,,,,,,,,,,,,,,,,,,,,,,,,,,,,,,,,,,,,,,,,,,,,,,,,,,,,,,,,,,,,,,,,,,,,,,,,,,,,,,,,,,,,,,,,,,,,,,,,,,,,,,,,,,,,,,,,,,,,,,,,,,,,,,,,,,,,,,,,,,,,,,,,,,,,,,,,,,,,,,,,,,,,,,,,,,,,,,,,,,,,,,,,,,,,,,,,,,,,,,,,,,,,,,,,,,,,,,,,,,,,,,,,,,,,,,0.0
,,,,,,,,,,,,,,,,,,,,,,,,,,,,,,,,,,,,,,,,,,,,,,,,,,,,,,,,,,,,,,,,,,,,,,,,,,,,,,,,,,,,,,,,,,,,,,,,,,,,,,,,,,,,,,,,,,,,,,,,,,,,,,,,,,,,,,,,,,,,,,,,,,,,,,,,,,,,,,,,,,,,,,,,,,,,,,,,,,,,,,,,,,,,,,,,,,,,,,,,,,,,,,,,,,,,,,,,,,,,,,,,,,,,,,,,,,,,,,,,,,,,,,,,,,,,,,,,,,,,,,,,,,,,,,,,,,,,,,,,,,,,,,,,,,,,,,,,,,,,,,,,,,,,,,,,,,,,,,,,,,,,,,,,,,,,,,,,,,,,,,,,,,,,,,,,,,,,,,,,,,,,,,,,,,,,,,,,,,,,,,,,,,,,,,,,,,,,,,,,,,,,,,,,,,,,,,,,,,,,,,,,,,,,,,,,,,,,,,,,,,,,,,,,,,,,,,,,,,,,,,,,,,,,,,,,,,,,,,,,,,,,,,,,,,,,,,,,,,,,,,,,,,,,,,,,,,,,,,,,,,,,,,,,,,,,,,,,,0.0
,,,,,,,,,,,,,,,,,,,,,,,,,,,,,,,,,,,,,,,,,,,,,,,,,,,,,,,,,,,,,,,,,,,,,,,,,,,,,,,,,,,,,,,,,,,,,,,,,,,,,,,,,,,,,,,,,,,,,,,,,,,,,,,,,,,,,,,,,,,,,,,,,,,,,,,,,,,,,,,,,,,,,,,,,,,,,,,,,,,,,,,,,,,,,,,,,,,,,,,,,,,,,,,,,,,,,,,,,,,,,,,,,,,,,,,,,,,,,,,,,,,,,,,,,,,,,,,,,,,,,,,,,,,,,,,,,,,,,,,,,,,,,,,,,,,,,,,,,,,,,,,,,,,,,,,,,,,,,,,,,,,,,,,,,,,,,,,,,,,,,,,,,,,,,,,,,,,,,,,,,,,,,,,,,,,,,,,,,,,,,,,,,,,,,,,,,,,,,,,,,,,,,,,,,,,,,,,,,,,,,,,,,,,,,,,,,,,,,,,,,,,,,,,,,,,,,,,,,,,,,,,,,,,,,,,,,,,,,,,,,,,,,,,,,,,,,,,,,,,,,,,,,,,,,,,,,,,,,,,,,,,,,,,,,,,,,,,,,0.0
,,,,,,,,,,,,,,,,,,,,,,,,,,,,,,,,,,,,,,,,,,,,,,,,,,,,,,,,,,,,,,,,,,,,,,,,,,,,,,,,,,,,,,,,,,,,,,,,,,,,,,,,,,,,,,,,,,,,,,,,,,,,,,,,,,,,,,,,,,,,,,,,,,,,,,,,,,,,,,,,,,,,,,,,,,,,,,,,,,,,,,,,,,,,,,,,,,,,,,,,,,,,,,,,,,,,,,,,,,,,,,,,,,,,,,,,,,,,,,,,,,,,,,,,,,,,,,,,,,,,,,,,,,,,,,,,,,,,,,,,,,,,,,,,,,,,,,,,,,,,,,,,,,,,,,,,,,,,,,,,,,,,,,,,,,,,,,,,,,,,,,,,,,,,,,,,,,,,,,,,,,,,,,,,,,,,,,,,,,,,,,,,,,,,,,,,,,,,,,,,,,,,,,,,,,,,,,,,,,,,,,,,,,,,,,,,,,,,,,,,,,,,,,,,,,,,,,,,,,,,,,,,,,,,,,,,,,,,,,,,,,,,,,,,,,,,,,,,,,,,,,,,,,,,,,,,,,,,,,,,,,,,,,,,,,,,,,,,,0.0
,,,,,,,,,,,,,,,,,,,,,,,,,,,,,,,,,,,,,,,,,,,,,,,,,,,,,,,,,,,,,,,,,,,,,,,,,,,,,,,,,,,,,,,,,,,,,,,,,,,,,,,,,,,,,,,,,,,,,,,,,,,,,,,,,,,,,,,,,,,,,,,,,,,,,,,,,,,,,,,,,,,,,,,,,,,,,,,,,,,,,,,,,,,,,,,,,,,,,,,,,,,,,,,,,,,,,,,,,,,,,,,,,,,,,,,,,,,,,,,,,,,,,,,,,,,,,,,,,,,,,,,,,,,,,,,,,,,,,,,,,,,,,,,,,,,,,,,,,,,,,,,,,,,,,,,,,,,,,,,,,,,,,,,,,,,,,,,,,,,,,,,,,,,,,,,,,,,,,,,,,,,,,,,,,,,,,,,,,,,,,,,,,,,,,,,,,,,,,,,,,,,,,,,,,,,,,,,,,,,,,,,,,,,,,,,,,,,,,,,,,,,,,,,,,,,,,,,,,,,,,,,,,,,,,,,,,,,,,,,,,,,,,,,,,,,,,,,,,,,,,,,,,,,,,,,,,,,,,,,,,,,,,,,,,,,,,,,,,0.0
,,,,,,,,,,,,,,,,,,,,,,,,,,,,,,,,,,,,,,,,,,,,,,,,,,,,,,,,,,,,,,,,,,,,,,,,,,,,,,,,,,,,,,,,,,,,,,,,,,,,,,,,,,,,,,,,,,,,,,,,,,,,,,,,,,,,,,,,,,,,,,,,,,,,,,,,,,,,,,,,,,,,,,,,,,,,,,,,,,,,,,,,,,,,,,,,,,,,,,,,,,,,,,,,,,,,,,,,,,,,,,,,,,,,,,,,,,,,,,,,,,,,,,,,,,,,,,,,,,,,,,,,,,,,,,,,,,,,,,,,,,,,,,,,,,,,,,,,,,,,,,,,,,,,,,,,,,,,,,,,,,,,,,,,,,,,,,,,,,,,,,,,,,,,,,,,,,,,,,,,,,,,,,,,,,,,,,,,,,,,,,,,,,,,,,,,,,,,,,,,,,,,,,,,,,,,,,,,,,,,,,,,,,,,,,,,,,,,,,,,,,,,,,,,,,,,,,,,,,,,,,,,,,,,,,,,,,,,,,,,,,,,,,,,,,,,,,,,,,,,,,,,,,,,,,,,,,,,,,,,,,,,,,,,,,,,,,,,,0.0
,,,,,,,,,,,,,,,,,,,,,,,,,,,,,,,,,,,,,,,,,,,,,,,,,,,,,,,,,,,,,,,,,,,,,,,,,,,,,,,,,,,,,,,,,,,,,,,,,,,,,,,,,,,,,,,,,,,,,,,,,,,,,,,,,,,,,,,,,,,,,,,,,,,,,,,,,,,,,,,,,,,,,,,,,,,,,,,,,,,,,,,,,,,,,,,,,,,,,,,,,,,,,,,,,,,,,,,,,,,,,,,,,,,,,,,,,,,,,,,,,,,,,,,,,,,,,,,,,,,,,,,,,,,,,,,,,,,,,,,,,,,,,,,,,,,,,,,,,,,,,,,,,,,,,,,,,,,,,,,,,,,,,,,,,,,,,,,,,,,,,,,,,,,,,,,,,,,,,,,,,,,,,,,,,,,,,,,,,,,,,,,,,,,,,,,,,,,,,,,,,,,,,,,,,,,,,,,,,,,,,,,,,,,,,,,,,,,,,,,,,,,,,,,,,,,,,,,,,,,,,,,,,,,,,,,,,,,,,,,,,,,,,,,,,,,,,,,,,,,,,,,,,,,,,,,,,,,,,,,,,,,,,,,,,,,,,,,,,0.0
,,,,,,,,,,,,,,,,,,,,,,,,,,,,,,,,,,,,,,,,,,,,,,,,,,,,,,,,,,,,,,,,,,,,,,,,,,,,,,,,,,,,,,,,,,,,,,,,,,,,,,,,,,,,,,,,,,,,,,,,,,,,,,,,,,,,,,,,,,,,,,,,,,,,,,,,,,,,,,,,,,,,,,,,,,,,,,,,,,,,,,,,,,,,,,,,,,,,,,,,,,,,,,,,,,,,,,,,,,,,,,,,,,,,,,,,,,,,,,,,,,,,,,,,,,,,,,,,,,,,,,,,,,,,,,,,,,,,,,,,,,,,,,,,,,,,,,,,,,,,,,,,,,,,,,,,,,,,,,,,,,,,,,,,,,,,,,,,,,,,,,,,,,,,,,,,,,,,,,,,,,,,,,,,,,,,,,,,,,,,,,,,,,,,,,,,,,,,,,,,,,,,,,,,,,,,,,,,,,,,,,,,,,,,,,,,,,,,,,,,,,,,,,,,,,,,,,,,,,,,,,,,,,,,,,,,,,,,,,,,,,,,,,,,,,,,,,,,,,,,,,,,,,,,,,,,,,,,,,,,,,,,,,,,,,,,,,,,,0.0
,,,,,,,,,,,,,,,,,,,,,,,,,,,,,,,,,,,,,,,,,,,,,,,,,,,,,,,,,,,,,,,,,,,,,,,,,,,,,,,,,,,,,,,,,,,,,,,,,,,,,,,,,,,,,,,,,,,,,,,,,,,,,,,,,,,,,,,,,,,,,,,,,,,,,,,,,,,,,,,,,,,,,,,,,,,,,,,,,,,,,,,,,,,,,,,,,,,,,,,,,,,,,,,,,,,,,,,,,,,,,,,,,,,,,,,,,,,,,,,,,,,,,,,,,,,,,,,,,,,,,,,,,,,,,,,,,,,,,,,,,,,,,,,,,,,,,,,,,,,,,,,,,,,,,,,,,,,,,,,,,,,,,,,,,,,,,,,,,,,,,,,,,,,,,,,,,,,,,,,,,,,,,,,,,,,,,,,,,,,,,,,,,,,,,,,,,,,,,,,,,,,,,,,,,,,,,,,,,,,,,,,,,,,,,,,,,,,,,,,,,,,,,,,,,,,,,,,,,,,,,,,,,,,,,,,,,,,,,,,,,,,,,,,,,,,,,,,,,,,,,,,,,,,,,,,,,,,,,,,,,,,,,,,,,,,,,,,,,0.0
,,,,,,,,,,,,,,,,,,,,,,,,,,,,,,,,,,,,,,,,,,,,,,,,,,,,,,,,,,,,,,,,,,,,,,,,,,,,,,,,,,,,,,,,,,,,,,,,,,,,,,,,,,,,,,,,,,,,,,,,,,,,,,,,,,,,,,,,,,,,,,,,,,,,,,,,,,,,,,,,,,,,,,,,,,,,,,,,,,,,,,,,,,,,,,,,,,,,,,,,,,,,,,,,,,,,,,,,,,,,,,,,,,,,,,,,,,,,,,,,,,,,,,,,,,,,,,,,,,,,,,,,,,,,,,,,,,,,,,,,,,,,,,,,,,,,,,,,,,,,,,,,,,,,,,,,,,,,,,,,,,,,,,,,,,,,,,,,,,,,,,,,,,,,,,,,,,,,,,,,,,,,,,,,,,,,,,,,,,,,,,,,,,,,,,,,,,,,,,,,,,,,,,,,,,,,,,,,,,,,,,,,,,,,,,,,,,,,,,,,,,,,,,,,,,,,,,,,,,,,,,,,,,,,,,,,,,,,,,,,,,,,,,,,,,,,,,,,,,,,,,,,,,,,,,,,,,,,,,,,,,,,,,,,,,,,,,,,,0.0
,,,,,,,,,,,,,,,,,,,,,,,,,,,,,,,,,,,,,,,,,,,,,,,,,,,,,,,,,,,,,,,,,,,,,,,,,,,,,,,,,,,,,,,,,,,,,,,,,,,,,,,,,,,,,,,,,,,,,,,,,,,,,,,,,,,,,,,,,,,,,,,,,,,,,,,,,,,,,,,,,,,,,,,,,,,,,,,,,,,,,,,,,,,,,,,,,,,,,,,,,,,,,,,,,,,,,,,,,,,,,,,,,,,,,,,,,,,,,,,,,,,,,,,,,,,,,,,,,,,,,,,,,,,,,,,,,,,,,,,,,,,,,,,,,,,,,,,,,,,,,,,,,,,,,,,,,,,,,,,,,,,,,,,,,,,,,,,,,,,,,,,,,,,,,,,,,,,,,,,,,,,,,,,,,,,,,,,,,,,,,,,,,,,,,,,,,,,,,,,,,,,,,,,,,,,,,,,,,,,,,,,,,,,,,,,,,,,,,,,,,,,,,,,,,,,,,,,,,,,,,,,,,,,,,,,,,,,,,,,,,,,,,,,,,,,,,,,,,,,,,,,,,,,,,,,,,,,,,,,,,,,,,,,,,,,,,,,,,0.0
,,,,,,,,,,,,,,,,,,,,,,,,,,,,,,,,,,,,,,,,,,,,,,,,,,,,,,,,,,,,,,,,,,,,,,,,,,,,,,,,,,,,,,,,,,,,,,,,,,,,,,,,,,,,,,,,,,,,,,,,,,,,,,,,,,,,,,,,,,,,,,,,,,,,,,,,,,,,,,,,,,,,,,,,,,,,,,,,,,,,,,,,,,,,,,,,,,,,,,,,,,,,,,,,,,,,,,,,,,,,,,,,,,,,,,,,,,,,,,,,,,,,,,,,,,,,,,,,,,,,,,,,,,,,,,,,,,,,,,,,,,,,,,,,,,,,,,,,,,,,,,,,,,,,,,,,,,,,,,,,,,,,,,,,,,,,,,,,,,,,,,,,,,,,,,,,,,,,,,,,,,,,,,,,,,,,,,,,,,,,,,,,,,,,,,,,,,,,,,,,,,,,,,,,,,,,,,,,,,,,,,,,,,,,,,,,,,,,,,,,,,,,,,,,,,,,,,,,,,,,,,,,,,,,,,,,,,,,,,,,,,,,,,,,,,,,,,,,,,,,,,,,,,,,,,,,,,,,,,,,,,,,,,,,,,,,,,,,,0.0
,,,,,,,,,,,,,,,,,,,,,,,,,,,,,,,,,,,,,,,,,,,,,,,,,,,,,,,,,,,,,,,,,,,,,,,,,,,,,,,,,,,,,,,,,,,,,,,,,,,,,,,,,,,,,,,,,,,,,,,,,,,,,,,,,,,,,,,,,,,,,,,,,,,,,,,,,,,,,,,,,,,,,,,,,,,,,,,,,,,,,,,,,,,,,,,,,,,,,,,,,,,,,,,,,,,,,,,,,,,,,,,,,,,,,,,,,,,,,,,,,,,,,,,,,,,,,,,,,,,,,,,,,,,,,,,,,,,,,,,,,,,,,,,,,,,,,,,,,,,,,,,,,,,,,,,,,,,,,,,,,,,,,,,,,,,,,,,,,,,,,,,,,,,,,,,,,,,,,,,,,,,,,,,,,,,,,,,,,,,,,,,,,,,,,,,,,,,,,,,,,,,,,,,,,,,,,,,,,,,,,,,,,,,,,,,,,,,,,,,,,,,,,,,,,,,,,,,,,,,,,,,,,,,,,,,,,,,,,,,,,,,,,,,,,,,,,,,,,,,,,,,,,,,,,,,,,,,,,,,,,,,,,,,,,,,,,,,,,0.0
,,,,,,,,,,,,,,,,,,,,,,,,,,,,,,,,,,,,,,,,,,,,,,,,,,,,,,,,,,,,,,,,,,,,,,,,,,,,,,,,,,,,,,,,,,,,,,,,,,,,,,,,,,,,,,,,,,,,,,,,,,,,,,,,,,,,,,,,,,,,,,,,,,,,,,,,,,,,,,,,,,,,,,,,,,,,,,,,,,,,,,,,,,,,,,,,,,,,,,,,,,,,,,,,,,,,,,,,,,,,,,,,,,,,,,,,,,,,,,,,,,,,,,,,,,,,,,,,,,,,,,,,,,,,,,,,,,,,,,,,,,,,,,,,,,,,,,,,,,,,,,,,,,,,,,,,,,,,,,,,,,,,,,,,,,,,,,,,,,,,,,,,,,,,,,,,,,,,,,,,,,,,,,,,,,,,,,,,,,,,,,,,,,,,,,,,,,,,,,,,,,,,,,,,,,,,,,,,,,,,,,,,,,,,,,,,,,,,,,,,,,,,,,,,,,,,,,,,,,,,,,,,,,,,,,,,,,,,,,,,,,,,,,,,,,,,,,,,,,,,,,,,,,,,,,,,,,,,,,,,,,,,,,,,,,,,,,,,,0.0
,,,,,,,,,,,,,,,,,,,,,,,,,,,,,,,,,,,,,,,,,,,,,,,,,,,,,,,,,,,,,,,,,,,,,,,,,,,,,,,,,,,,,,,,,,,,,,,,,,,,,,,,,,,,,,,,,,,,,,,,,,,,,,,,,,,,,,,,,,,,,,,,,,,,,,,,,,,,,,,,,,,,,,,,,,,,,,,,,,,,,,,,,,,,,,,,,,,,,,,,,,,,,,,,,,,,,,,,,,,,,,,,,,,,,,,,,,,,,,,,,,,,,,,,,,,,,,,,,,,,,,,,,,,,,,,,,,,,,,,,,,,,,,,,,,,,,,,,,,,,,,,,,,,,,,,,,,,,,,,,,,,,,,,,,,,,,,,,,,,,,,,,,,,,,,,,,,,,,,,,,,,,,,,,,,,,,,,,,,,,,,,,,,,,,,,,,,,,,,,,,,,,,,,,,,,,,,,,,,,,,,,,,,,,,,,,,,,,,,,,,,,,,,,,,,,,,,,,,,,,,,,,,,,,,,,,,,,,,,,,,,,,,,,,,,,,,,,,,,,,,,,,,,,,,,,,,,,,,,,,,,,,,,,,,,,,,,,,,0.0
,,,,,,,,,,,,,,,,,,,,,,,,,,,,,,,,,,,,,,,,,,,,,,,,,,,,,,,,,,,,,,,,,,,,,,,,,,,,,,,,,,,,,,,,,,,,,,,,,,,,,,,,,,,,,,,,,,,,,,,,,,,,,,,,,,,,,,,,,,,,,,,,,,,,,,,,,,,,,,,,,,,,,,,,,,,,,,,,,,,,,,,,,,,,,,,,,,,,,,,,,,,,,,,,,,,,,,,,,,,,,,,,,,,,,,,,,,,,,,,,,,,,,,,,,,,,,,,,,,,,,,,,,,,,,,,,,,,,,,,,,,,,,,,,,,,,,,,,,,,,,,,,,,,,,,,,,,,,,,,,,,,,,,,,,,,,,,,,,,,,,,,,,,,,,,,,,,,,,,,,,,,,,,,,,,,,,,,,,,,,,,,,,,,,,,,,,,,,,,,,,,,,,,,,,,,,,,,,,,,,,,,,,,,,,,,,,,,,,,,,,,,,,,,,,,,,,,,,,,,,,,,,,,,,,,,,,,,,,,,,,,,,,,,,,,,,,,,,,,,,,,,,,,,,,,,,,,,,,,,,,,,,,,,,,,,,,,,,,0.0
,,,,,,,,,,,,,,,,,,,,,,,,,,,,,,,,,,,,,,,,,,,,,,,,,,,,,,,,,,,,,,,,,,,,,,,,,,,,,,,,,,,,,,,,,,,,,,,,,,,,,,,,,,,,,,,,,,,,,,,,,,,,,,,,,,,,,,,,,,,,,,,,,,,,,,,,,,,,,,,,,,,,,,,,,,,,,,,,,,,,,,,,,,,,,,,,,,,,,,,,,,,,,,,,,,,,,,,,,,,,,,,,,,,,,,,,,,,,,,,,,,,,,,,,,,,,,,,,,,,,,,,,,,,,,,,,,,,,,,,,,,,,,,,,,,,,,,,,,,,,,,,,,,,,,,,,,,,,,,,,,,,,,,,,,,,,,,,,,,,,,,,,,,,,,,,,,,,,,,,,,,,,,,,,,,,,,,,,,,,,,,,,,,,,,,,,,,,,,,,,,,,,,,,,,,,,,,,,,,,,,,,,,,,,,,,,,,,,,,,,,,,,,,,,,,,,,,,,,,,,,,,,,,,,,,,,,,,,,,,,,,,,,,,,,,,,,,,,,,,,,,,,,,,,,,,,,,,,,,,,,,,,,,,,,,,,,,,,,0.0
,,,,,,,,,,,,,,,,,,,,,,,,,,,,,,,,,,,,,,,,,,,,,,,,,,,,,,,,,,,,,,,,,,,,,,,,,,,,,,,,,,,,,,,,,,,,,,,,,,,,,,,,,,,,,,,,,,,,,,,,,,,,,,,,,,,,,,,,,,,,,,,,,,,,,,,,,,,,,,,,,,,,,,,,,,,,,,,,,,,,,,,,,,,,,,,,,,,,,,,,,,,,,,,,,,,,,,,,,,,,,,,,,,,,,,,,,,,,,,,,,,,,,,,,,,,,,,,,,,,,,,,,,,,,,,,,,,,,,,,,,,,,,,,,,,,,,,,,,,,,,,,,,,,,,,,,,,,,,,,,,,,,,,,,,,,,,,,,,,,,,,,,,,,,,,,,,,,,,,,,,,,,,,,,,,,,,,,,,,,,,,,,,,,,,,,,,,,,,,,,,,,,,,,,,,,,,,,,,,,,,,,,,,,,,,,,,,,,,,,,,,,,,,,,,,,,,,,,,,,,,,,,,,,,,,,,,,,,,,,,,,,,,,,,,,,,,,,,,,,,,,,,,,,,,,,,,,,,,,,,,,,,,,,,,,,,,,,,,0.0
,,,,,,,,,,,,,,,,,,,,,,,,,,,,,,,,,,,,,,,,,,,,,,,,,,,,,,,,,,,,,,,,,,,,,,,,,,,,,,,,,,,,,,,,,,,,,,,,,,,,,,,,,,,,,,,,,,,,,,,,,,,,,,,,,,,,,,,,,,,,,,,,,,,,,,,,,,,,,,,,,,,,,,,,,,,,,,,,,,,,,,,,,,,,,,,,,,,,,,,,,,,,,,,,,,,,,,,,,,,,,,,,,,,,,,,,,,,,,,,,,,,,,,,,,,,,,,,,,,,,,,,,,,,,,,,,,,,,,,,,,,,,,,,,,,,,,,,,,,,,,,,,,,,,,,,,,,,,,,,,,,,,,,,,,,,,,,,,,,,,,,,,,,,,,,,,,,,,,,,,,,,,,,,,,,,,,,,,,,,,,,,,,,,,,,,,,,,,,,,,,,,,,,,,,,,,,,,,,,,,,,,,,,,,,,,,,,,,,,,,,,,,,,,,,,,,,,,,,,,,,,,,,,,,,,,,,,,,,,,,,,,,,,,,,,,,,,,,,,,,,,,,,,,,,,,,,,,,,,,,,,,,,,,,,,,,,,,,,0.0
,,,,,,,,,,,,,,,,,,,,,,,,,,,,,,,,,,,,,,,,,,,,,,,,,,,,,,,,,,,,,,,,,,,,,,,,,,,,,,,,,,,,,,,,,,,,,,,,,,,,,,,,,,,,,,,,,,,,,,,,,,,,,,,,,,,,,,,,,,,,,,,,,,,,,,,,,,,,,,,,,,,,,,,,,,,,,,,,,,,,,,,,,,,,,,,,,,,,,,,,,,,,,,,,,,,,,,,,,,,,,,,,,,,,,,,,,,,,,,,,,,,,,,,,,,,,,,,,,,,,,,,,,,,,,,,,,,,,,,,,,,,,,,,,,,,,,,,,,,,,,,,,,,,,,,,,,,,,,,,,,,,,,,,,,,,,,,,,,,,,,,,,,,,,,,,,,,,,,,,,,,,,,,,,,,,,,,,,,,,,,,,,,,,,,,,,,,,,,,,,,,,,,,,,,,,,,,,,,,,,,,,,,,,,,,,,,,,,,,,,,,,,,,,,,,,,,,,,,,,,,,,,,,,,,,,,,,,,,,,,,,,,,,,,,,,,,,,,,,,,,,,,,,,,,,,,,,,,,,,,,,,,,,,,,,,,,,,,,0.0
,,,,,,,,,,,,,,,,,,,,,,,,,,,,,,,,,,,,,,,,,,,,,,,,,,,,,,,,,,,,,,,,,,,,,,,,,,,,,,,,,,,,,,,,,,,,,,,,,,,,,,,,,,,,,,,,,,,,,,,,,,,,,,,,,,,,,,,,,,,,,,,,,,,,,,,,,,,,,,,,,,,,,,,,,,,,,,,,,,,,,,,,,,,,,,,,,,,,,,,,,,,,,,,,,,,,,,,,,,,,,,,,,,,,,,,,,,,,,,,,,,,,,,,,,,,,,,,,,,,,,,,,,,,,,,,,,,,,,,,,,,,,,,,,,,,,,,,,,,,,,,,,,,,,,,,,,,,,,,,,,,,,,,,,,,,,,,,,,,,,,,,,,,,,,,,,,,,,,,,,,,,,,,,,,,,,,,,,,,,,,,,,,,,,,,,,,,,,,,,,,,,,,,,,,,,,,,,,,,,,,,,,,,,,,,,,,,,,,,,,,,,,,,,,,,,,,,,,,,,,,,,,,,,,,,,,,,,,,,,,,,,,,,,,,,,,,,,,,,,,,,,,,,,,,,,,,,,,,,,,,,,,,,,,,,,,,,,,,0.0
,,,,,,,,,,,,,,,,,,,,,,,,,,,,,,,,,,,,,,,,,,,,,,,,,,,,,,,,,,,,,,,,,,,,,,,,,,,,,,,,,,,,,,,,,,,,,,,,,,,,,,,,,,,,,,,,,,,,,,,,,,,,,,,,,,,,,,,,,,,,,,,,,,,,,,,,,,,,,,,,,,,,,,,,,,,,,,,,,,,,,,,,,,,,,,,,,,,,,,,,,,,,,,,,,,,,,,,,,,,,,,,,,,,,,,,,,,,,,,,,,,,,,,,,,,,,,,,,,,,,,,,,,,,,,,,,,,,,,,,,,,,,,,,,,,,,,,,,,,,,,,,,,,,,,,,,,,,,,,,,,,,,,,,,,,,,,,,,,,,,,,,,,,,,,,,,,,,,,,,,,,,,,,,,,,,,,,,,,,,,,,,,,,,,,,,,,,,,,,,,,,,,,,,,,,,,,,,,,,,,,,,,,,,,,,,,,,,,,,,,,,,,,,,,,,,,,,,,,,,,,,,,,,,,,,,,,,,,,,,,,,,,,,,,,,,,,,,,,,,,,,,,,,,,,,,,,,,,,,,,,,,,,,,,,,,,,,,,,0.0
,,,,,,,,,,,,,,,,,,,,,,,,,,,,,,,,,,,,,,,,,,,,,,,,,,,,,,,,,,,,,,,,,,,,,,,,,,,,,,,,,,,,,,,,,,,,,,,,,,,,,,,,,,,,,,,,,,,,,,,,,,,,,,,,,,,,,,,,,,,,,,,,,,,,,,,,,,,,,,,,,,,,,,,,,,,,,,,,,,,,,,,,,,,,,,,,,,,,,,,,,,,,,,,,,,,,,,,,,,,,,,,,,,,,,,,,,,,,,,,,,,,,,,,,,,,,,,,,,,,,,,,,,,,,,,,,,,,,,,,,,,,,,,,,,,,,,,,,,,,,,,,,,,,,,,,,,,,,,,,,,,,,,,,,,,,,,,,,,,,,,,,,,,,,,,,,,,,,,,,,,,,,,,,,,,,,,,,,,,,,,,,,,,,,,,,,,,,,,,,,,,,,,,,,,,,,,,,,,,,,,,,,,,,,,,,,,,,,,,,,,,,,,,,,,,,,,,,,,,,,,,,,,,,,,,,,,,,,,,,,,,,,,,,,,,,,,,,,,,,,,,,,,,,,,,,,,,,,,,,,,,,,,,,,,,,,,,,,,0.0
,,,,,,,,,,,,,,,,,,,,,,,,,,,,,,,,,,,,,,,,,,,,,,,,,,,,,,,,,,,,,,,,,,,,,,,,,,,,,,,,,,,,,,,,,,,,,,,,,,,,,,,,,,,,,,,,,,,,,,,,,,,,,,,,,,,,,,,,,,,,,,,,,,,,,,,,,,,,,,,,,,,,,,,,,,,,,,,,,,,,,,,,,,,,,,,,,,,,,,,,,,,,,,,,,,,,,,,,,,,,,,,,,,,,,,,,,,,,,,,,,,,,,,,,,,,,,,,,,,,,,,,,,,,,,,,,,,,,,,,,,,,,,,,,,,,,,,,,,,,,,,,,,,,,,,,,,,,,,,,,,,,,,,,,,,,,,,,,,,,,,,,,,,,,,,,,,,,,,,,,,,,,,,,,,,,,,,,,,,,,,,,,,,,,,,,,,,,,,,,,,,,,,,,,,,,,,,,,,,,,,,,,,,,,,,,,,,,,,,,,,,,,,,,,,,,,,,,,,,,,,,,,,,,,,,,,,,,,,,,,,,,,,,,,,,,,,,,,,,,,,,,,,,,,,,,,,,,,,,,,,,,,,,,,,,,,,,,,,0.0
,,,,,,,,,,,,,,,,,,,,,,,,,,,,,,,,,,,,,,,,,,,,,,,,,,,,,,,,,,,,,,,,,,,,,,,,,,,,,,,,,,,,,,,,,,,,,,,,,,,,,,,,,,,,,,,,,,,,,,,,,,,,,,,,,,,,,,,,,,,,,,,,,,,,,,,,,,,,,,,,,,,,,,,,,,,,,,,,,,,,,,,,,,,,,,,,,,,,,,,,,,,,,,,,,,,,,,,,,,,,,,,,,,,,,,,,,,,,,,,,,,,,,,,,,,,,,,,,,,,,,,,,,,,,,,,,,,,,,,,,,,,,,,,,,,,,,,,,,,,,,,,,,,,,,,,,,,,,,,,,,,,,,,,,,,,,,,,,,,,,,,,,,,,,,,,,,,,,,,,,,,,,,,,,,,,,,,,,,,,,,,,,,,,,,,,,,,,,,,,,,,,,,,,,,,,,,,,,,,,,,,,,,,,,,,,,,,,,,,,,,,,,,,,,,,,,,,,,,,,,,,,,,,,,,,,,,,,,,,,,,,,,,,,,,,,,,,,,,,,,,,,,,,,,,,,,,,,,,,,,,,,,,,,,,,,,,,,,,0.0
,,,,,,,,,,,,,,,,,,,,,,,,,,,,,,,,,,,,,,,,,,,,,,,,,,,,,,,,,,,,,,,,,,,,,,,,,,,,,,,,,,,,,,,,,,,,,,,,,,,,,,,,,,,,,,,,,,,,,,,,,,,,,,,,,,,,,,,,,,,,,,,,,,,,,,,,,,,,,,,,,,,,,,,,,,,,,,,,,,,,,,,,,,,,,,,,,,,,,,,,,,,,,,,,,,,,,,,,,,,,,,,,,,,,,,,,,,,,,,,,,,,,,,,,,,,,,,,,,,,,,,,,,,,,,,,,,,,,,,,,,,,,,,,,,,,,,,,,,,,,,,,,,,,,,,,,,,,,,,,,,,,,,,,,,,,,,,,,,,,,,,,,,,,,,,,,,,,,,,,,,,,,,,,,,,,,,,,,,,,,,,,,,,,,,,,,,,,,,,,,,,,,,,,,,,,,,,,,,,,,,,,,,,,,,,,,,,,,,,,,,,,,,,,,,,,,,,,,,,,,,,,,,,,,,,,,,,,,,,,,,,,,,,,,,,,,,,,,,,,,,,,,,,,,,,,,,,,,,,,,,,,,,,,,,,,,,,,,,0.0
,,,,,,,,,,,,,,,,,,,,,,,,,,,,,,,,,,,,,,,,,,,,,,,,,,,,,,,,,,,,,,,,,,,,,,,,,,,,,,,,,,,,,,,,,,,,,,,,,,,,,,,,,,,,,,,,,,,,,,,,,,,,,,,,,,,,,,,,,,,,,,,,,,,,,,,,,,,,,,,,,,,,,,,,,,,,,,,,,,,,,,,,,,,,,,,,,,,,,,,,,,,,,,,,,,,,,,,,,,,,,,,,,,,,,,,,,,,,,,,,,,,,,,,,,,,,,,,,,,,,,,,,,,,,,,,,,,,,,,,,,,,,,,,,,,,,,,,,,,,,,,,,,,,,,,,,,,,,,,,,,,,,,,,,,,,,,,,,,,,,,,,,,,,,,,,,,,,,,,,,,,,,,,,,,,,,,,,,,,,,,,,,,,,,,,,,,,,,,,,,,,,,,,,,,,,,,,,,,,,,,,,,,,,,,,,,,,,,,,,,,,,,,,,,,,,,,,,,,,,,,,,,,,,,,,,,,,,,,,,,,,,,,,,,,,,,,,,,,,,,,,,,,,,,,,,,,,,,,,,,,,,,,,,,,,,,,,,,,0.0
,,,,,,,,,,,,,,,,,,,,,,,,,,,,,,,,,,,,,,,,,,,,,,,,,,,,,,,,,,,,,,,,,,,,,,,,,,,,,,,,,,,,,,,,,,,,,,,,,,,,,,,,,,,,,,,,,,,,,,,,,,,,,,,,,,,,,,,,,,,,,,,,,,,,,,,,,,,,,,,,,,,,,,,,,,,,,,,,,,,,,,,,,,,,,,,,,,,,,,,,,,,,,,,,,,,,,,,,,,,,,,,,,,,,,,,,,,,,,,,,,,,,,,,,,,,,,,,,,,,,,,,,,,,,,,,,,,,,,,,,,,,,,,,,,,,,,,,,,,,,,,,,,,,,,,,,,,,,,,,,,,,,,,,,,,,,,,,,,,,,,,,,,,,,,,,,,,,,,,,,,,,,,,,,,,,,,,,,,,,,,,,,,,,,,,,,,,,,,,,,,,,,,,,,,,,,,,,,,,,,,,,,,,,,,,,,,,,,,,,,,,,,,,,,,,,,,,,,,,,,,,,,,,,,,,,,,,,,,,,,,,,,,,,,,,,,,,,,,,,,,,,,,,,,,,,,,,,,,,,,,,,,,,,,,,,,,,,,,0.0
,,,,,,,,,,,,,,,,,,,,,,,,,,,,,,,,,,,,,,,,,,,,,,,,,,,,,,,,,,,,,,,,,,,,,,,,,,,,,,,,,,,,,,,,,,,,,,,,,,,,,,,,,,,,,,,,,,,,,,,,,,,,,,,,,,,,,,,,,,,,,,,,,,,,,,,,,,,,,,,,,,,,,,,,,,,,,,,,,,,,,,,,,,,,,,,,,,,,,,,,,,,,,,,,,,,,,,,,,,,,,,,,,,,,,,,,,,,,,,,,,,,,,,,,,,,,,,,,,,,,,,,,,,,,,,,,,,,,,,,,,,,,,,,,,,,,,,,,,,,,,,,,,,,,,,,,,,,,,,,,,,,,,,,,,,,,,,,,,,,,,,,,,,,,,,,,,,,,,,,,,,,,,,,,,,,,,,,,,,,,,,,,,,,,,,,,,,,,,,,,,,,,,,,,,,,,,,,,,,,,,,,,,,,,,,,,,,,,,,,,,,,,,,,,,,,,,,,,,,,,,,,,,,,,,,,,,,,,,,,,,,,,,,,,,,,,,,,,,,,,,,,,,,,,,,,,,,,,,,,,,,,,,,,,,,,,,,,,,0.0
,,,,,,,,,,,,,,,,,,,,,,,,,,,,,,,,,,,,,,,,,,,,,,,,,,,,,,,,,,,,,,,,,,,,,,,,,,,,,,,,,,,,,,,,,,,,,,,,,,,,,,,,,,,,,,,,,,,,,,,,,,,,,,,,,,,,,,,,,,,,,,,,,,,,,,,,,,,,,,,,,,,,,,,,,,,,,,,,,,,,,,,,,,,,,,,,,,,,,,,,,,,,,,,,,,,,,,,,,,,,,,,,,,,,,,,,,,,,,,,,,,,,,,,,,,,,,,,,,,,,,,,,,,,,,,,,,,,,,,,,,,,,,,,,,,,,,,,,,,,,,,,,,,,,,,,,,,,,,,,,,,,,,,,,,,,,,,,,,,,,,,,,,,,,,,,,,,,,,,,,,,,,,,,,,,,,,,,,,,,,,,,,,,,,,,,,,,,,,,,,,,,,,,,,,,,,,,,,,,,,,,,,,,,,,,,,,,,,,,,,,,,,,,,,,,,,,,,,,,,,,,,,,,,,,,,,,,,,,,,,,,,,,,,,,,,,,,,,,,,,,,,,,,,,,,,,,,,,,,,,,,,,,,,,,,,,,,,,,0.0
,,,,,,,,,,,,,,,,,,,,,,,,,,,,,,,,,,,,,,,,,,,,,,,,,,,,,,,,,,,,,,,,,,,,,,,,,,,,,,,,,,,,,,,,,,,,,,,,,,,,,,,,,,,,,,,,,,,,,,,,,,,,,,,,,,,,,,,,,,,,,,,,,,,,,,,,,,,,,,,,,,,,,,,,,,,,,,,,,,,,,,,,,,,,,,,,,,,,,,,,,,,,,,,,,,,,,,,,,,,,,,,,,,,,,,,,,,,,,,,,,,,,,,,,,,,,,,,,,,,,,,,,,,,,,,,,,,,,,,,,,,,,,,,,,,,,,,,,,,,,,,,,,,,,,,,,,,,,,,,,,,,,,,,,,,,,,,,,,,,,,,,,,,,,,,,,,,,,,,,,,,,,,,,,,,,,,,,,,,,,,,,,,,,,,,,,,,,,,,,,,,,,,,,,,,,,,,,,,,,,,,,,,,,,,,,,,,,,,,,,,,,,,,,,,,,,,,,,,,,,,,,,,,,,,,,,,,,,,,,,,,,,,,,,,,,,,,,,,,,,,,,,,,,,,,,,,,,,,,,,,,,,,,,,,,,,,,,,,0.0
,,,,,,,,,,,,,,,,,,,,,,,,,,,,,,,,,,,,,,,,,,,,,,,,,,,,,,,,,,,,,,,,,,,,,,,,,,,,,,,,,,,,,,,,,,,,,,,,,,,,,,,,,,,,,,,,,,,,,,,,,,,,,,,,,,,,,,,,,,,,,,,,,,,,,,,,,,,,,,,,,,,,,,,,,,,,,,,,,,,,,,,,,,,,,,,,,,,,,,,,,,,,,,,,,,,,,,,,,,,,,,,,,,,,,,,,,,,,,,,,,,,,,,,,,,,,,,,,,,,,,,,,,,,,,,,,,,,,,,,,,,,,,,,,,,,,,,,,,,,,,,,,,,,,,,,,,,,,,,,,,,,,,,,,,,,,,,,,,,,,,,,,,,,,,,,,,,,,,,,,,,,,,,,,,,,,,,,,,,,,,,,,,,,,,,,,,,,,,,,,,,,,,,,,,,,,,,,,,,,,,,,,,,,,,,,,,,,,,,,,,,,,,,,,,,,,,,,,,,,,,,,,,,,,,,,,,,,,,,,,,,,,,,,,,,,,,,,,,,,,,,,,,,,,,,,,,,,,,,,,,,,,,,,,,,,,,,,,,0.0
,,,,,,,,,,,,,,,,,,,,,,,,,,,,,,,,,,,,,,,,,,,,,,,,,,,,,,,,,,,,,,,,,,,,,,,,,,,,,,,,,,,,,,,,,,,,,,,,,,,,,,,,,,,,,,,,,,,,,,,,,,,,,,,,,,,,,,,,,,,,,,,,,,,,,,,,,,,,,,,,,,,,,,,,,,,,,,,,,,,,,,,,,,,,,,,,,,,,,,,,,,,,,,,,,,,,,,,,,,,,,,,,,,,,,,,,,,,,,,,,,,,,,,,,,,,,,,,,,,,,,,,,,,,,,,,,,,,,,,,,,,,,,,,,,,,,,,,,,,,,,,,,,,,,,,,,,,,,,,,,,,,,,,,,,,,,,,,,,,,,,,,,,,,,,,,,,,,,,,,,,,,,,,,,,,,,,,,,,,,,,,,,,,,,,,,,,,,,,,,,,,,,,,,,,,,,,,,,,,,,,,,,,,,,,,,,,,,,,,,,,,,,,,,,,,,,,,,,,,,,,,,,,,,,,,,,,,,,,,,,,,,,,,,,,,,,,,,,,,,,,,,,,,,,,,,,,,,,,,,,,,,,,,,,,,,,,,,,,0.0
,,,,,,,,,,,,,,,,,,,,,,,,,,,,,,,,,,,,,,,,,,,,,,,,,,,,,,,,,,,,,,,,,,,,,,,,,,,,,,,,,,,,,,,,,,,,,,,,,,,,,,,,,,,,,,,,,,,,,,,,,,,,,,,,,,,,,,,,,,,,,,,,,,,,,,,,,,,,,,,,,,,,,,,,,,,,,,,,,,,,,,,,,,,,,,,,,,,,,,,,,,,,,,,,,,,,,,,,,,,,,,,,,,,,,,,,,,,,,,,,,,,,,,,,,,,,,,,,,,,,,,,,,,,,,,,,,,,,,,,,,,,,,,,,,,,,,,,,,,,,,,,,,,,,,,,,,,,,,,,,,,,,,,,,,,,,,,,,,,,,,,,,,,,,,,,,,,,,,,,,,,,,,,,,,,,,,,,,,,,,,,,,,,,,,,,,,,,,,,,,,,,,,,,,,,,,,,,,,,,,,,,,,,,,,,,,,,,,,,,,,,,,,,,,,,,,,,,,,,,,,,,,,,,,,,,,,,,,,,,,,,,,,,,,,,,,,,,,,,,,,,,,,,,,,,,,,,,,,,,,,,,,,,,,,,,,,,,,,0.0
,,,,,,,,,,,,,,,,,,,,,,,,,,,,,,,,,,,,,,,,,,,,,,,,,,,,,,,,,,,,,,,,,,,,,,,,,,,,,,,,,,,,,,,,,,,,,,,,,,,,,,,,,,,,,,,,,,,,,,,,,,,,,,,,,,,,,,,,,,,,,,,,,,,,,,,,,,,,,,,,,,,,,,,,,,,,,,,,,,,,,,,,,,,,,,,,,,,,,,,,,,,,,,,,,,,,,,,,,,,,,,,,,,,,,,,,,,,,,,,,,,,,,,,,,,,,,,,,,,,,,,,,,,,,,,,,,,,,,,,,,,,,,,,,,,,,,,,,,,,,,,,,,,,,,,,,,,,,,,,,,,,,,,,,,,,,,,,,,,,,,,,,,,,,,,,,,,,,,,,,,,,,,,,,,,,,,,,,,,,,,,,,,,,,,,,,,,,,,,,,,,,,,,,,,,,,,,,,,,,,,,,,,,,,,,,,,,,,,,,,,,,,,,,,,,,,,,,,,,,,,,,,,,,,,,,,,,,,,,,,,,,,,,,,,,,,,,,,,,,,,,,,,,,,,,,,,,,,,,,,,,,,,,,,,,,,,,,,,0.0
,,,,,,,,,,,,,,,,,,,,,,,,,,,,,,,,,,,,,,,,,,,,,,,,,,,,,,,,,,,,,,,,,,,,,,,,,,,,,,,,,,,,,,,,,,,,,,,,,,,,,,,,,,,,,,,,,,,,,,,,,,,,,,,,,,,,,,,,,,,,,,,,,,,,,,,,,,,,,,,,,,,,,,,,,,,,,,,,,,,,,,,,,,,,,,,,,,,,,,,,,,,,,,,,,,,,,,,,,,,,,,,,,,,,,,,,,,,,,,,,,,,,,,,,,,,,,,,,,,,,,,,,,,,,,,,,,,,,,,,,,,,,,,,,,,,,,,,,,,,,,,,,,,,,,,,,,,,,,,,,,,,,,,,,,,,,,,,,,,,,,,,,,,,,,,,,,,,,,,,,,,,,,,,,,,,,,,,,,,,,,,,,,,,,,,,,,,,,,,,,,,,,,,,,,,,,,,,,,,,,,,,,,,,,,,,,,,,,,,,,,,,,,,,,,,,,,,,,,,,,,,,,,,,,,,,,,,,,,,,,,,,,,,,,,,,,,,,,,,,,,,,,,,,,,,,,,,,,,,,,,,,,,,,,,,,,,,,,,0.0
,,,,,,,,,,,,,,,,,,,,,,,,,,,,,,,,,,,,,,,,,,,,,,,,,,,,,,,,,,,,,,,,,,,,,,,,,,,,,,,,,,,,,,,,,,,,,,,,,,,,,,,,,,,,,,,,,,,,,,,,,,,,,,,,,,,,,,,,,,,,,,,,,,,,,,,,,,,,,,,,,,,,,,,,,,,,,,,,,,,,,,,,,,,,,,,,,,,,,,,,,,,,,,,,,,,,,,,,,,,,,,,,,,,,,,,,,,,,,,,,,,,,,,,,,,,,,,,,,,,,,,,,,,,,,,,,,,,,,,,,,,,,,,,,,,,,,,,,,,,,,,,,,,,,,,,,,,,,,,,,,,,,,,,,,,,,,,,,,,,,,,,,,,,,,,,,,,,,,,,,,,,,,,,,,,,,,,,,,,,,,,,,,,,,,,,,,,,,,,,,,,,,,,,,,,,,,,,,,,,,,,,,,,,,,,,,,,,,,,,,,,,,,,,,,,,,,,,,,,,,,,,,,,,,,,,,,,,,,,,,,,,,,,,,,,,,,,,,,,,,,,,,,,,,,,,,,,,,,,,,,,,,,,,,,,,,,,,,,0.0
,,,,,,,,,,,,,,,,,,,,,,,,,,,,,,,,,,,,,,,,,,,,,,,,,,,,,,,,,,,,,,,,,,,,,,,,,,,,,,,,,,,,,,,,,,,,,,,,,,,,,,,,,,,,,,,,,,,,,,,,,,,,,,,,,,,,,,,,,,,,,,,,,,,,,,,,,,,,,,,,,,,,,,,,,,,,,,,,,,,,,,,,,,,,,,,,,,,,,,,,,,,,,,,,,,,,,,,,,,,,,,,,,,,,,,,,,,,,,,,,,,,,,,,,,,,,,,,,,,,,,,,,,,,,,,,,,,,,,,,,,,,,,,,,,,,,,,,,,,,,,,,,,,,,,,,,,,,,,,,,,,,,,,,,,,,,,,,,,,,,,,,,,,,,,,,,,,,,,,,,,,,,,,,,,,,,,,,,,,,,,,,,,,,,,,,,,,,,,,,,,,,,,,,,,,,,,,,,,,,,,,,,,,,,,,,,,,,,,,,,,,,,,,,,,,,,,,,,,,,,,,,,,,,,,,,,,,,,,,,,,,,,,,,,,,,,,,,,,,,,,,,,,,,,,,,,,,,,,,,,,,,,,,,,,,,,,,,,,0.0
,,,,,,,,,,,,,,,,,,,,,,,,,,,,,,,,,,,,,,,,,,,,,,,,,,,,,,,,,,,,,,,,,,,,,,,,,,,,,,,,,,,,,,,,,,,,,,,,,,,,,,,,,,,,,,,,,,,,,,,,,,,,,,,,,,,,,,,,,,,,,,,,,,,,,,,,,,,,,,,,,,,,,,,,,,,,,,,,,,,,,,,,,,,,,,,,,,,,,,,,,,,,,,,,,,,,,,,,,,,,,,,,,,,,,,,,,,,,,,,,,,,,,,,,,,,,,,,,,,,,,,,,,,,,,,,,,,,,,,,,,,,,,,,,,,,,,,,,,,,,,,,,,,,,,,,,,,,,,,,,,,,,,,,,,,,,,,,,,,,,,,,,,,,,,,,,,,,,,,,,,,,,,,,,,,,,,,,,,,,,,,,,,,,,,,,,,,,,,,,,,,,,,,,,,,,,,,,,,,,,,,,,,,,,,,,,,,,,,,,,,,,,,,,,,,,,,,,,,,,,,,,,,,,,,,,,,,,,,,,,,,,,,,,,,,,,,,,,,,,,,,,,,,,,,,,,,,,,,,,,,,,,,,,,,,,,,,,,,0.0
,,,,,,,,,,,,,,,,,,,,,,,,,,,,,,,,,,,,,,,,,,,,,,,,,,,,,,,,,,,,,,,,,,,,,,,,,,,,,,,,,,,,,,,,,,,,,,,,,,,,,,,,,,,,,,,,,,,,,,,,,,,,,,,,,,,,,,,,,,,,,,,,,,,,,,,,,,,,,,,,,,,,,,,,,,,,,,,,,,,,,,,,,,,,,,,,,,,,,,,,,,,,,,,,,,,,,,,,,,,,,,,,,,,,,,,,,,,,,,,,,,,,,,,,,,,,,,,,,,,,,,,,,,,,,,,,,,,,,,,,,,,,,,,,,,,,,,,,,,,,,,,,,,,,,,,,,,,,,,,,,,,,,,,,,,,,,,,,,,,,,,,,,,,,,,,,,,,,,,,,,,,,,,,,,,,,,,,,,,,,,,,,,,,,,,,,,,,,,,,,,,,,,,,,,,,,,,,,,,,,,,,,,,,,,,,,,,,,,,,,,,,,,,,,,,,,,,,,,,,,,,,,,,,,,,,,,,,,,,,,,,,,,,,,,,,,,,,,,,,,,,,,,,,,,,,,,,,,,,,,,,,,,,,,,,,,,,,,,0.0
,,,,,,,,,,,,,,,,,,,,,,,,,,,,,,,,,,,,,,,,,,,,,,,,,,,,,,,,,,,,,,,,,,,,,,,,,,,,,,,,,,,,,,,,,,,,,,,,,,,,,,,,,,,,,,,,,,,,,,,,,,,,,,,,,,,,,,,,,,,,,,,,,,,,,,,,,,,,,,,,,,,,,,,,,,,,,,,,,,,,,,,,,,,,,,,,,,,,,,,,,,,,,,,,,,,,,,,,,,,,,,,,,,,,,,,,,,,,,,,,,,,,,,,,,,,,,,,,,,,,,,,,,,,,,,,,,,,,,,,,,,,,,,,,,,,,,,,,,,,,,,,,,,,,,,,,,,,,,,,,,,,,,,,,,,,,,,,,,,,,,,,,,,,,,,,,,,,,,,,,,,,,,,,,,,,,,,,,,,,,,,,,,,,,,,,,,,,,,,,,,,,,,,,,,,,,,,,,,,,,,,,,,,,,,,,,,,,,,,,,,,,,,,,,,,,,,,,,,,,,,,,,,,,,,,,,,,,,,,,,,,,,,,,,,,,,,,,,,,,,,,,,,,,,,,,,,,,,,,,,,,,,,,,,,,,,,,,,,0.0
,,,,,,,,,,,,,,,,,,,,,,,,,,,,,,,,,,,,,,,,,,,,,,,,,,,,,,,,,,,,,,,,,,,,,,,,,,,,,,,,,,,,,,,,,,,,,,,,,,,,,,,,,,,,,,,,,,,,,,,,,,,,,,,,,,,,,,,,,,,,,,,,,,,,,,,,,,,,,,,,,,,,,,,,,,,,,,,,,,,,,,,,,,,,,,,,,,,,,,,,,,,,,,,,,,,,,,,,,,,,,,,,,,,,,,,,,,,,,,,,,,,,,,,,,,,,,,,,,,,,,,,,,,,,,,,,,,,,,,,,,,,,,,,,,,,,,,,,,,,,,,,,,,,,,,,,,,,,,,,,,,,,,,,,,,,,,,,,,,,,,,,,,,,,,,,,,,,,,,,,,,,,,,,,,,,,,,,,,,,,,,,,,,,,,,,,,,,,,,,,,,,,,,,,,,,,,,,,,,,,,,,,,,,,,,,,,,,,,,,,,,,,,,,,,,,,,,,,,,,,,,,,,,,,,,,,,,,,,,,,,,,,,,,,,,,,,,,,,,,,,,,,,,,,,,,,,,,,,,,,,,,,,,,,,,,,,,,,,0.0
,,,,,,,,,,,,,,,,,,,,,,,,,,,,,,,,,,,,,,,,,,,,,,,,,,,,,,,,,,,,,,,,,,,,,,,,,,,,,,,,,,,,,,,,,,,,,,,,,,,,,,,,,,,,,,,,,,,,,,,,,,,,,,,,,,,,,,,,,,,,,,,,,,,,,,,,,,,,,,,,,,,,,,,,,,,,,,,,,,,,,,,,,,,,,,,,,,,,,,,,,,,,,,,,,,,,,,,,,,,,,,,,,,,,,,,,,,,,,,,,,,,,,,,,,,,,,,,,,,,,,,,,,,,,,,,,,,,,,,,,,,,,,,,,,,,,,,,,,,,,,,,,,,,,,,,,,,,,,,,,,,,,,,,,,,,,,,,,,,,,,,,,,,,,,,,,,,,,,,,,,,,,,,,,,,,,,,,,,,,,,,,,,,,,,,,,,,,,,,,,,,,,,,,,,,,,,,,,,,,,,,,,,,,,,,,,,,,,,,,,,,,,,,,,,,,,,,,,,,,,,,,,,,,,,,,,,,,,,,,,,,,,,,,,,,,,,,,,,,,,,,,,,,,,,,,,,,,,,,,,,,,,,,,,,,,,,,,,,0.0
,,,,,,,,,,,,,,,,,,,,,,,,,,,,,,,,,,,,,,,,,,,,,,,,,,,,,,,,,,,,,,,,,,,,,,,,,,,,,,,,,,,,,,,,,,,,,,,,,,,,,,,,,,,,,,,,,,,,,,,,,,,,,,,,,,,,,,,,,,,,,,,,,,,,,,,,,,,,,,,,,,,,,,,,,,,,,,,,,,,,,,,,,,,,,,,,,,,,,,,,,,,,,,,,,,,,,,,,,,,,,,,,,,,,,,,,,,,,,,,,,,,,,,,,,,,,,,,,,,,,,,,,,,,,,,,,,,,,,,,,,,,,,,,,,,,,,,,,,,,,,,,,,,,,,,,,,,,,,,,,,,,,,,,,,,,,,,,,,,,,,,,,,,,,,,,,,,,,,,,,,,,,,,,,,,,,,,,,,,,,,,,,,,,,,,,,,,,,,,,,,,,,,,,,,,,,,,,,,,,,,,,,,,,,,,,,,,,,,,,,,,,,,,,,,,,,,,,,,,,,,,,,,,,,,,,,,,,,,,,,,,,,,,,,,,,,,,,,,,,,,,,,,,,,,,,,,,,,,,,,,,,,,,,,,,,,,,,,,0.0
,,,,,,,,,,,,,,,,,,,,,,,,,,,,,,,,,,,,,,,,,,,,,,,,,,,,,,,,,,,,,,,,,,,,,,,,,,,,,,,,,,,,,,,,,,,,,,,,,,,,,,,,,,,,,,,,,,,,,,,,,,,,,,,,,,,,,,,,,,,,,,,,,,,,,,,,,,,,,,,,,,,,,,,,,,,,,,,,,,,,,,,,,,,,,,,,,,,,,,,,,,,,,,,,,,,,,,,,,,,,,,,,,,,,,,,,,,,,,,,,,,,,,,,,,,,,,,,,,,,,,,,,,,,,,,,,,,,,,,,,,,,,,,,,,,,,,,,,,,,,,,,,,,,,,,,,,,,,,,,,,,,,,,,,,,,,,,,,,,,,,,,,,,,,,,,,,,,,,,,,,,,,,,,,,,,,,,,,,,,,,,,,,,,,,,,,,,,,,,,,,,,,,,,,,,,,,,,,,,,,,,,,,,,,,,,,,,,,,,,,,,,,,,,,,,,,,,,,,,,,,,,,,,,,,,,,,,,,,,,,,,,,,,,,,,,,,,,,,,,,,,,,,,,,,,,,,,,,,,,,,,,,,,,,,,,,,,,,,0.0
,,,,,,,,,,,,,,,,,,,,,,,,,,,,,,,,,,,,,,,,,,,,,,,,,,,,,,,,,,,,,,,,,,,,,,,,,,,,,,,,,,,,,,,,,,,,,,,,,,,,,,,,,,,,,,,,,,,,,,,,,,,,,,,,,,,,,,,,,,,,,,,,,,,,,,,,,,,,,,,,,,,,,,,,,,,,,,,,,,,,,,,,,,,,,,,,,,,,,,,,,,,,,,,,,,,,,,,,,,,,,,,,,,,,,,,,,,,,,,,,,,,,,,,,,,,,,,,,,,,,,,,,,,,,,,,,,,,,,,,,,,,,,,,,,,,,,,,,,,,,,,,,,,,,,,,,,,,,,,,,,,,,,,,,,,,,,,,,,,,,,,,,,,,,,,,,,,,,,,,,,,,,,,,,,,,,,,,,,,,,,,,,,,,,,,,,,,,,,,,,,,,,,,,,,,,,,,,,,,,,,,,,,,,,,,,,,,,,,,,,,,,,,,,,,,,,,,,,,,,,,,,,,,,,,,,,,,,,,,,,,,,,,,,,,,,,,,,,,,,,,,,,,,,,,,,,,,,,,,,,,,,,,,,,,,,,,,,,,0.0
,,,,,,,,,,,,,,,,,,,,,,,,,,,,,,,,,,,,,,,,,,,,,,,,,,,,,,,,,,,,,,,,,,,,,,,,,,,,,,,,,,,,,,,,,,,,,,,,,,,,,,,,,,,,,,,,,,,,,,,,,,,,,,,,,,,,,,,,,,,,,,,,,,,,,,,,,,,,,,,,,,,,,,,,,,,,,,,,,,,,,,,,,,,,,,,,,,,,,,,,,,,,,,,,,,,,,,,,,,,,,,,,,,,,,,,,,,,,,,,,,,,,,,,,,,,,,,,,,,,,,,,,,,,,,,,,,,,,,,,,,,,,,,,,,,,,,,,,,,,,,,,,,,,,,,,,,,,,,,,,,,,,,,,,,,,,,,,,,,,,,,,,,,,,,,,,,,,,,,,,,,,,,,,,,,,,,,,,,,,,,,,,,,,,,,,,,,,,,,,,,,,,,,,,,,,,,,,,,,,,,,,,,,,,,,,,,,,,,,,,,,,,,,,,,,,,,,,,,,,,,,,,,,,,,,,,,,,,,,,,,,,,,,,,,,,,,,,,,,,,,,,,,,,,,,,,,,,,,,,,,,,,,,,,,,,,,,,,,0.0
,,,,,,,,,,,,,,,,,,,,,,,,,,,,,,,,,,,,,,,,,,,,,,,,,,,,,,,,,,,,,,,,,,,,,,,,,,,,,,,,,,,,,,,,,,,,,,,,,,,,,,,,,,,,,,,,,,,,,,,,,,,,,,,,,,,,,,,,,,,,,,,,,,,,,,,,,,,,,,,,,,,,,,,,,,,,,,,,,,,,,,,,,,,,,,,,,,,,,,,,,,,,,,,,,,,,,,,,,,,,,,,,,,,,,,,,,,,,,,,,,,,,,,,,,,,,,,,,,,,,,,,,,,,,,,,,,,,,,,,,,,,,,,,,,,,,,,,,,,,,,,,,,,,,,,,,,,,,,,,,,,,,,,,,,,,,,,,,,,,,,,,,,,,,,,,,,,,,,,,,,,,,,,,,,,,,,,,,,,,,,,,,,,,,,,,,,,,,,,,,,,,,,,,,,,,,,,,,,,,,,,,,,,,,,,,,,,,,,,,,,,,,,,,,,,,,,,,,,,,,,,,,,,,,,,,,,,,,,,,,,,,,,,,,,,,,,,,,,,,,,,,,,,,,,,,,,,,,,,,,,,,,,,,,,,,,,,,,,0.0
,,,,,,,,,,,,,,,,,,,,,,,,,,,,,,,,,,,,,,,,,,,,,,,,,,,,,,,,,,,,,,,,,,,,,,,,,,,,,,,,,,,,,,,,,,,,,,,,,,,,,,,,,,,,,,,,,,,,,,,,,,,,,,,,,,,,,,,,,,,,,,,,,,,,,,,,,,,,,,,,,,,,,,,,,,,,,,,,,,,,,,,,,,,,,,,,,,,,,,,,,,,,,,,,,,,,,,,,,,,,,,,,,,,,,,,,,,,,,,,,,,,,,,,,,,,,,,,,,,,,,,,,,,,,,,,,,,,,,,,,,,,,,,,,,,,,,,,,,,,,,,,,,,,,,,,,,,,,,,,,,,,,,,,,,,,,,,,,,,,,,,,,,,,,,,,,,,,,,,,,,,,,,,,,,,,,,,,,,,,,,,,,,,,,,,,,,,,,,,,,,,,,,,,,,,,,,,,,,,,,,,,,,,,,,,,,,,,,,,,,,,,,,,,,,,,,,,,,,,,,,,,,,,,,,,,,,,,,,,,,,,,,,,,,,,,,,,,,,,,,,,,,,,,,,,,,,,,,,,,,,,,,,,,,,,,,,,,,,0.0
,,,,,,,,,,,,,,,,,,,,,,,,,,,,,,,,,,,,,,,,,,,,,,,,,,,,,,,,,,,,,,,,,,,,,,,,,,,,,,,,,,,,,,,,,,,,,,,,,,,,,,,,,,,,,,,,,,,,,,,,,,,,,,,,,,,,,,,,,,,,,,,,,,,,,,,,,,,,,,,,,,,,,,,,,,,,,,,,,,,,,,,,,,,,,,,,,,,,,,,,,,,,,,,,,,,,,,,,,,,,,,,,,,,,,,,,,,,,,,,,,,,,,,,,,,,,,,,,,,,,,,,,,,,,,,,,,,,,,,,,,,,,,,,,,,,,,,,,,,,,,,,,,,,,,,,,,,,,,,,,,,,,,,,,,,,,,,,,,,,,,,,,,,,,,,,,,,,,,,,,,,,,,,,,,,,,,,,,,,,,,,,,,,,,,,,,,,,,,,,,,,,,,,,,,,,,,,,,,,,,,,,,,,,,,,,,,,,,,,,,,,,,,,,,,,,,,,,,,,,,,,,,,,,,,,,,,,,,,,,,,,,,,,,,,,,,,,,,,,,,,,,,,,,,,,,,,,,,,,,,,,,,,,,,,,,,,,,,,0.0
